900;450;2162
0;0;70
1;0;10
1;1;70
1;3;10
2;0;50
2;4;100
2;6;50
3;1;70
3;2;100
3;3;70
3;7;70
3;9;10
4;2;50
4;3;50
4;10;70
4;12;10
5;2;70
5;3;50
5;13;100
5;15;70
6;4;10
6;5;70
6;6;100
6;16;10
6;18;100
7;5;100
7;6;50
7;19;70
7;21;50
8;5;10
8;6;50
8;22;100
8;24;10
9;7;70
9;8;50
9;9;50
9;25;70
9;27;10
10;8;10
10;9;100
10;28;10
10;30;70
11;8;100
11;9;10
11;31;10
11;33;70
12;8;10
12;9;70
12;34;70
12;36;50
13;10;70
13;11;70
13;12;50
13;37;50
13;39;100
14;11;100
14;12;50
14;40;50
14;42;10
15;11;100
15;12;10
15;43;10
15;45;50
16;11;50
16;12;50
16;46;10
16;48;100
17;13;10
17;14;70
17;15;50
17;49;10
17;51;70
18;14;50
18;15;10
18;52;100
18;54;50
19;14;10
19;15;100
19;55;10
19;57;50
20;14;70
20;15;50
20;58;50
20;60;10
21;16;50
21;17;100
21;18;50
21;61;100
21;63;100
22;17;10
22;18;100
22;64;70
22;66;100
23;17;70
23;18;100
23;67;100
23;69;50
24;17;100
24;18;70
24;70;50
24;72;50
25;19;100
25;20;50
25;21;70
25;73;100
25;75;70
26;20;10
26;21;50
26;76;50
26;78;50
27;20;70
27;21;100
27;79;50
27;81;100
28;20;10
28;21;50
28;82;70
28;84;70
29;22;10
29;23;70
29;24;70
29;85;100
29;87;100
30;23;70
30;24;50
30;88;50
30;90;50
31;23;50
31;24;100
31;91;50
31;93;70
32;23;10
32;24;100
32;94;100
32;96;10
33;25;70
33;26;100
33;27;100
33;97;100
33;99;70
34;26;10
34;27;100
34;100;50
34;102;100
35;26;10
35;27;10
35;103;50
35;105;10
36;26;100
36;27;100
36;106;10
36;108;100
37;26;10
37;27;100
37;109;50
37;111;70
38;28;50
38;29;50
38;30;100
38;112;50
38;114;70
39;29;50
39;30;70
39;115;70
39;117;100
40;29;70
40;30;10
40;118;10
40;120;10
41;29;100
41;30;10
41;121;10
41;123;100
42;29;70
42;30;10
42;124;70
42;126;50
43;31;70
43;32;70
43;33;100
43;127;70
43;129;10
44;32;100
44;33;10
44;130;100
44;132;50
45;32;70
45;33;70
45;133;10
45;135;50
46;32;70
46;33;50
46;136;100
46;138;70
47;32;100
47;33;50
47;139;10
47;141;100
48;34;100
48;35;70
48;36;100
48;142;70
48;144;50
49;35;10
49;36;70
49;145;50
49;147;10
50;35;100
50;36;100
50;148;10
50;150;100
51;35;100
51;36;10
51;151;100
51;153;70
52;35;100
52;36;70
52;154;70
52;156;100
53;37;100
53;38;50
53;39;100
53;157;100
53;159;50
54;38;100
54;39;100
54;160;100
54;162;100
55;38;10
55;39;10
55;163;100
55;165;70
56;38;50
56;39;50
56;166;10
56;168;100
57;38;10
57;39;70
57;169;10
57;171;50
58;40;100
58;41;50
58;42;10
58;172;100
58;174;70
59;41;100
59;42;10
59;175;10
59;177;70
60;41;70
60;42;50
60;178;10
60;180;70
61;41;10
61;42;50
61;181;10
61;183;10
62;41;70
62;42;70
62;184;70
62;186;10
63;43;10
63;44;10
63;45;100
63;187;100
63;189;70
64;44;50
64;45;100
64;190;10
64;192;100
65;44;50
65;45;10
65;193;50
65;195;10
66;44;10
66;45;100
66;196;50
66;198;50
67;44;50
67;45;70
67;199;50
67;201;10
68;46;100
68;47;50
68;48;10
68;202;50
68;204;10
69;47;10
69;48;100
69;205;50
69;207;70
70;47;10
70;48;100
70;208;50
70;210;10
71;47;70
71;48;10
71;211;50
71;213;10
72;47;70
72;48;100
72;214;10
72;216;10
73;49;50
73;50;100
73;51;50
73;217;100
73;219;100
74;50;100
74;51;10
74;220;10
74;222;100
75;50;50
75;51;10
75;223;100
75;225;50
76;50;50
76;51;50
76;226;70
76;228;10
77;50;50
77;51;70
77;229;70
77;231;100
78;52;70
78;53;50
78;54;100
78;232;50
78;234;70
79;53;10
79;54;10
79;235;70
79;237;50
80;53;100
80;54;70
80;238;100
80;240;70
81;53;100
81;54;50
81;241;10
81;243;70
82;53;70
82;54;100
82;244;10
82;246;10
83;55;10
83;56;100
83;57;70
83;247;50
83;249;50
84;56;100
84;57;50
84;250;100
84;252;70
85;56;10
85;57;70
85;253;70
85;255;50
86;56;50
86;57;10
86;256;50
86;258;10
87;56;100
87;57;10
87;259;100
87;261;100
88;58;10
88;59;100
88;60;70
88;262;70
88;264;100
89;59;10
89;60;50
89;265;10
89;267;50
90;59;50
90;60;50
90;268;100
90;270;70
91;59;70
91;60;100
91;271;10
91;273;10
92;59;100
92;60;100
92;274;50
92;276;10
93;61;100
93;62;10
93;63;10
93;277;10
93;279;70
94;62;70
94;63;50
94;280;100
94;282;100
95;62;50
95;63;70
95;283;10
95;285;50
96;62;100
96;63;10
96;286;10
96;288;70
97;62;100
97;63;100
97;289;50
97;291;100
98;64;100
98;65;100
98;66;70
98;292;100
98;294;50
99;65;10
99;66;100
99;295;70
99;297;100
100;65;70
100;66;70
100;298;10
100;300;100
101;65;10
101;66;100
101;301;100
101;303;50
102;65;10
102;66;50
102;304;50
102;306;100
103;67;50
103;68;100
103;69;50
103;307;50
103;309;50
104;68;50
104;69;50
104;310;70
104;312;50
105;68;100
105;69;50
105;313;10
105;315;100
106;68;50
106;69;100
106;316;70
106;318;50
107;68;70
107;69;50
107;319;70
107;321;100
108;70;70
108;71;70
108;72;100
108;322;70
108;324;100
109;71;70
109;72;10
109;325;70
109;327;70
110;71;100
110;72;70
110;328;50
110;330;100
111;71;100
111;72;50
111;331;100
111;333;10
112;71;100
112;72;70
112;334;50
112;336;10
113;73;10
113;74;50
113;75;70
113;337;10
113;339;100
114;74;100
114;75;50
114;340;10
114;342;50
115;74;100
115;75;50
115;343;10
115;345;100
116;74;70
116;75;50
116;346;10
116;348;100
117;74;50
117;75;10
117;349;50
117;351;70
118;76;100
118;77;100
118;78;50
118;352;50
118;354;50
119;77;100
119;78;10
119;355;100
119;357;70
120;77;70
120;78;100
120;358;70
120;360;100
121;77;70
121;78;10
121;361;10
121;363;10
122;77;100
122;78;70
122;364;50
122;366;70
123;79;70
123;80;70
123;81;100
123;367;10
123;369;70
124;80;100
124;81;70
124;370;10
124;372;70
125;80;50
125;81;50
125;373;10
125;375;10
126;80;100
126;81;10
126;376;70
126;378;50
127;80;100
127;81;50
127;379;100
127;381;10
128;82;100
128;83;70
128;84;10
128;382;10
128;384;100
129;83;50
129;84;70
129;385;50
129;387;10
130;83;10
130;84;100
130;388;100
130;390;100
131;83;70
131;84;70
131;391;50
131;393;10
132;83;10
132;84;50
132;394;70
132;396;70
133;85;100
133;86;100
133;87;50
133;397;50
133;399;50
134;86;50
134;87;10
134;400;10
134;402;100
135;86;10
135;87;10
135;403;10
135;405;70
136;86;10
136;87;10
136;406;10
136;408;100
137;86;100
137;87;50
137;409;10
137;411;50
138;88;50
138;89;10
138;90;10
138;412;70
138;414;50
139;89;10
139;90;100
139;415;100
139;417;50
140;89;50
140;90;50
140;418;100
140;420;70
141;89;50
141;90;10
141;421;100
141;423;10
142;89;50
142;90;100
142;424;70
142;426;10
143;91;100
143;92;10
143;93;10
143;427;100
143;429;50
144;92;70
144;93;10
144;430;10
144;432;100
145;92;100
145;93;70
145;433;70
145;435;50
146;92;50
146;93;10
146;436;10
146;438;70
147;92;50
147;93;100
147;439;70
147;441;70
148;94;50
148;95;70
148;96;70
148;442;70
148;444;70
149;95;100
149;96;70
149;445;100
149;447;100
150;95;70
150;96;50
150;448;70
151;95;100
151;96;50
152;95;100
152;96;100
153;97;10
153;98;50
153;99;70
154;98;100
154;99;70
155;98;50
155;99;70
156;98;50
156;99;10
157;98;70
157;99;70
158;98;10
158;99;100
159;100;70
159;101;100
159;102;100
160;101;10
160;102;10
161;101;100
161;102;10
162;101;100
162;102;100
163;101;10
163;102;100
164;101;50
164;102;10
165;103;70
165;104;50
165;105;70
166;104;10
166;105;10
167;104;50
167;105;10
168;104;100
168;105;100
169;104;70
169;105;50
170;104;10
170;105;100
171;106;50
171;107;50
171;108;50
172;107;70
172;108;50
173;107;10
173;108;50
174;107;50
174;108;10
175;107;100
175;108;70
176;107;10
176;108;100
177;109;100
177;110;70
177;111;10
178;110;70
178;111;100
179;110;70
179;111;10
180;110;70
180;111;50
181;110;10
181;111;70
182;110;10
182;111;70
183;112;10
183;113;50
183;114;100
184;113;50
184;114;70
185;113;50
185;114;70
186;113;50
186;114;10
187;113;10
187;114;100
188;113;50
188;114;70
189;115;100
189;116;50
189;117;70
190;116;70
190;117;10
191;116;70
191;117;50
192;116;10
192;117;10
193;116;100
193;117;100
194;116;50
194;117;100
195;118;50
195;119;50
195;120;70
196;119;70
196;120;10
197;119;50
197;120;100
198;119;10
198;120;10
199;119;10
199;120;50
200;119;100
200;120;50
201;121;50
201;122;10
201;123;50
202;122;100
202;123;70
203;122;50
203;123;100
204;122;10
204;123;10
205;122;70
205;123;50
206;122;10
206;123;10
207;124;70
207;125;100
207;126;100
208;125;10
208;126;100
209;125;10
209;126;100
210;125;50
210;126;100
211;125;100
211;126;70
212;125;10
212;126;10
213;127;10
213;128;70
213;129;70
214;128;70
214;129;10
215;128;70
215;129;100
216;128;10
216;129;10
217;128;10
217;129;10
218;128;50
218;129;10
219;130;10
219;131;70
219;132;10
220;131;50
220;132;100
221;131;10
221;132;10
222;131;10
222;132;50
223;131;70
223;132;10
224;131;10
224;132;70
225;133;10
225;134;100
225;135;10
226;134;50
226;135;70
227;134;100
227;135;70
228;134;100
228;135;50
229;134;50
229;135;100
230;134;50
230;135;10
231;136;70
231;137;70
231;138;100
232;137;100
232;138;10
233;137;70
233;138;50
234;137;10
234;138;100
235;137;10
235;138;50
236;137;10
236;138;10
237;139;100
237;140;70
237;141;10
238;140;70
238;141;10
239;140;70
239;141;10
240;140;50
240;141;70
241;140;10
241;141;10
242;140;100
242;141;100
243;142;50
243;143;100
243;144;50
244;143;50
244;144;100
245;143;70
245;144;50
246;143;50
246;144;70
247;143;100
247;144;70
248;143;10
248;144;50
249;145;10
249;146;50
249;147;10
250;146;70
250;147;70
251;146;50
251;147;10
252;146;100
252;147;50
253;146;70
253;147;100
254;146;10
254;147;50
255;148;70
255;149;10
255;150;10
256;149;10
256;150;100
257;149;10
257;150;100
258;149;10
258;150;10
259;149;50
259;150;50
260;149;10
260;150;70
261;151;100
261;152;70
261;153;100
262;152;50
262;153;10
263;152;100
263;153;50
264;152;50
264;153;10
265;152;100
265;153;10
266;152;50
266;153;50
267;154;100
267;155;50
267;156;50
268;155;70
268;156;100
269;155;50
269;156;50
270;155;100
270;156;50
271;155;10
271;156;10
272;155;70
272;156;100
273;157;100
273;158;70
273;159;70
274;158;70
274;159;50
275;158;70
275;159;100
276;158;50
276;159;70
277;158;70
277;159;50
278;158;100
278;159;70
279;160;70
279;161;10
279;162;100
280;161;10
280;162;10
281;161;100
281;162;100
282;161;70
282;162;70
283;161;50
283;162;100
284;161;100
284;162;10
285;163;50
285;164;70
285;165;10
286;164;50
286;165;10
287;164;50
287;165;10
288;164;100
288;165;10
289;164;50
289;165;10
290;164;100
290;165;10
291;166;10
291;167;100
291;168;10
292;167;70
292;168;50
293;167;50
293;168;100
294;167;50
294;168;70
295;167;50
295;168;10
296;167;50
296;168;10
297;169;10
297;170;70
297;171;100
298;170;100
298;171;50
299;170;100
299;171;10
300;170;10
300;171;50
301;170;100
301;171;50
302;170;100
302;171;10
303;172;100
303;173;10
303;174;70
304;173;100
304;174;50
305;173;50
305;174;50
306;173;10
306;174;70
307;173;70
307;174;100
308;173;70
308;174;70
309;175;70
309;176;10
309;177;50
310;176;10
310;177;70
311;176;50
311;177;50
312;176;50
312;177;10
313;176;10
313;177;100
314;176;100
314;177;10
315;178;100
315;179;10
315;180;50
316;179;10
316;180;70
317;179;100
317;180;70
318;179;10
318;180;70
319;179;50
319;180;70
320;179;100
320;180;100
321;181;100
321;182;50
321;183;70
322;182;50
322;183;50
323;182;10
323;183;70
324;182;50
324;183;70
325;182;10
325;183;50
326;182;50
326;183;50
327;184;70
327;185;100
327;186;100
328;185;70
328;186;50
329;185;70
329;186;10
330;185;100
330;186;50
331;185;50
331;186;100
332;185;10
332;186;70
333;187;50
333;188;50
333;189;100
334;188;50
334;189;100
335;188;10
335;189;100
336;188;50
336;189;10
337;188;10
337;189;10
338;188;70
338;189;100
339;190;70
339;191;10
339;192;100
340;191;50
340;192;70
341;191;50
341;192;50
342;191;10
342;192;50
343;191;70
343;192;50
344;191;100
344;192;10
345;193;70
345;194;10
345;195;50
346;194;50
346;195;10
347;194;70
347;195;10
348;194;50
348;195;70
349;194;10
349;195;70
350;194;10
350;195;70
351;196;10
351;197;50
351;198;10
352;197;100
352;198;100
353;197;50
353;198;70
354;197;70
354;198;70
355;197;10
355;198;50
356;197;100
356;198;100
357;199;100
357;200;100
357;201;100
358;200;100
358;201;10
359;200;100
359;201;100
360;200;10
360;201;100
361;200;50
361;201;10
362;200;70
362;201;70
363;202;50
363;203;100
363;204;70
364;203;50
364;204;100
365;203;70
365;204;70
366;203;70
366;204;70
367;203;10
367;204;10
368;203;10
368;204;10
369;205;50
369;206;70
369;207;50
370;206;50
370;207;100
371;206;10
371;207;100
372;206;10
372;207;70
373;206;100
373;207;70
374;206;70
374;207;10
375;208;100
375;209;50
375;210;100
376;209;100
376;210;70
377;209;10
377;210;100
378;209;10
378;210;50
379;209;10
379;210;10
380;209;50
380;210;50
381;211;10
381;212;50
381;213;50
382;212;100
382;213;50
383;212;10
383;213;70
384;212;100
384;213;70
385;212;100
385;213;70
386;212;100
386;213;100
387;214;50
387;215;100
387;216;10
388;215;50
388;216;70
389;215;70
389;216;10
390;215;50
390;216;10
391;215;100
391;216;100
392;215;100
392;216;10
393;217;70
393;218;10
393;219;70
394;218;70
394;219;10
395;218;10
395;219;10
396;218;70
396;219;100
397;218;100
397;219;70
398;218;70
398;219;100
399;220;10
399;221;50
399;222;10
400;221;10
400;222;100
401;221;10
401;222;50
402;221;50
402;222;70
403;221;50
403;222;100
404;221;10
404;222;70
405;223;50
405;224;100
405;225;70
406;224;50
406;225;70
407;224;100
407;225;50
408;224;50
408;225;100
409;224;100
409;225;100
410;224;70
410;225;70
411;226;100
411;227;10
411;228;10
412;227;100
412;228;100
413;227;50
413;228;70
414;227;10
414;228;10
415;227;50
415;228;50
416;227;10
416;228;10
417;229;10
417;230;100
417;231;50
418;230;50
418;231;50
419;230;50
419;231;100
420;230;10
420;231;10
421;230;10
421;231;70
422;230;100
422;231;70
423;232;70
423;233;10
423;234;100
424;233;70
424;234;70
425;233;100
425;234;100
426;233;70
426;234;10
427;233;70
427;234;100
428;233;70
428;234;10
429;235;10
429;236;10
429;237;100
430;236;70
430;237;70
431;236;50
431;237;70
432;236;50
432;237;70
433;236;50
433;237;50
434;236;10
434;237;50
435;238;10
435;239;10
435;240;100
436;239;50
436;240;50
437;239;100
437;240;70
438;239;100
438;240;50
439;239;100
439;240;50
440;239;70
440;240;70
441;241;10
441;242;70
441;243;10
442;242;50
442;243;10
443;242;70
443;243;50
444;242;10
444;243;10
445;242;100
445;243;100
446;242;50
446;243;10
447;244;70
447;245;10
447;246;50
448;245;100
448;246;70
449;245;100
449;246;10
450;245;10
450;246;10
451;245;50
451;246;50
452;245;50
452;246;70
453;247;100
453;248;10
453;249;100
454;248;10
454;249;100
455;248;10
455;249;10
456;248;50
456;249;100
457;248;70
457;249;70
458;248;100
458;249;100
459;250;10
459;251;100
459;252;100
460;251;100
460;252;70
461;251;10
461;252;10
462;251;100
462;252;10
463;251;50
463;252;100
464;251;100
464;252;100
465;253;10
465;254;50
465;255;70
466;254;70
466;255;70
467;254;70
467;255;10
468;254;50
468;255;50
469;254;10
469;255;100
470;254;50
470;255;100
471;256;10
471;257;10
471;258;10
472;257;50
472;258;100
473;257;50
473;258;50
474;257;50
474;258;70
475;257;10
475;258;70
476;257;50
476;258;70
477;259;100
477;260;100
477;261;70
478;260;100
478;261;70
479;260;10
479;261;100
480;260;50
480;261;70
481;260;50
481;261;100
482;260;70
482;261;10
483;262;100
483;263;10
483;264;50
484;263;50
484;264;70
485;263;100
485;264;50
486;263;10
486;264;100
487;263;10
487;264;10
488;263;50
488;264;50
489;265;70
489;266;70
489;267;50
490;266;10
490;267;100
491;266;100
491;267;10
492;266;50
492;267;70
493;266;10
493;267;70
494;266;70
494;267;100
495;268;70
495;269;10
495;270;50
496;269;50
496;270;10
497;269;10
497;270;50
498;269;100
498;270;50
499;269;70
499;270;100
500;269;50
500;270;10
501;271;70
501;272;70
501;273;50
502;272;50
502;273;70
503;272;100
503;273;10
504;272;50
504;273;100
505;272;50
505;273;100
506;272;10
506;273;10
507;274;10
507;275;70
507;276;100
508;275;100
508;276;10
509;275;50
509;276;70
510;275;70
510;276;10
511;275;10
511;276;70
512;275;10
512;276;10
513;277;50
513;278;10
513;279;70
514;278;100
514;279;10
515;278;10
515;279;70
516;278;10
516;279;70
517;278;100
517;279;70
518;278;70
518;279;50
519;280;10
519;281;100
519;282;70
520;281;100
520;282;50
521;281;100
521;282;10
522;281;50
522;282;10
523;281;100
523;282;100
524;281;50
524;282;50
525;283;10
525;284;10
525;285;50
526;284;70
526;285;50
527;284;10
527;285;100
528;284;100
528;285;10
529;284;50
529;285;10
530;284;10
530;285;50
531;286;70
531;287;100
531;288;10
532;287;50
532;288;50
533;287;10
533;288;50
534;287;70
534;288;50
535;287;70
535;288;10
536;287;50
536;288;10
537;289;100
537;290;70
537;291;100
538;290;10
538;291;10
539;290;50
539;291;50
540;290;70
540;291;100
541;290;70
541;291;10
542;290;100
542;291;100
543;292;50
543;293;70
543;294;50
544;293;10
544;294;70
545;293;50
545;294;70
546;293;50
546;294;100
547;293;10
547;294;100
548;293;10
548;294;70
549;295;50
549;296;10
549;297;10
550;296;10
550;297;10
551;296;70
551;297;70
552;296;50
552;297;10
553;296;10
553;297;70
554;296;50
554;297;70
555;298;50
555;299;100
555;300;10
556;299;70
556;300;10
557;299;10
557;300;50
558;299;50
558;300;10
559;299;50
559;300;50
560;299;50
560;300;100
561;301;50
561;302;10
561;303;50
562;302;70
562;303;70
563;302;50
563;303;70
564;302;10
564;303;50
565;302;50
565;303;100
566;302;10
566;303;10
567;304;70
567;305;100
567;306;10
568;305;100
568;306;100
569;305;70
569;306;50
570;305;70
570;306;100
571;305;70
571;306;70
572;305;10
572;306;10
573;307;10
573;308;10
573;309;50
574;308;50
574;309;100
575;308;100
575;309;10
576;308;10
576;309;10
577;308;100
577;309;70
578;308;10
578;309;100
579;310;70
579;311;50
579;312;10
580;311;10
580;312;10
581;311;10
581;312;10
582;311;10
582;312;50
583;311;50
583;312;10
584;311;10
584;312;10
585;313;100
585;314;70
585;315;50
586;314;10
586;315;50
587;314;10
587;315;70
588;314;10
588;315;70
589;314;50
589;315;50
590;314;10
590;315;70
591;316;100
591;317;50
591;318;50
592;317;10
592;318;10
593;317;50
593;318;70
594;317;100
594;318;50
595;317;10
595;318;100
596;317;100
596;318;10
597;319;50
597;320;10
597;321;10
598;320;70
598;321;100
599;320;70
599;321;70
600;320;100
600;321;50
601;320;70
601;321;10
602;320;10
602;321;50
603;322;10
603;323;10
603;324;70
604;323;70
604;324;50
605;323;70
605;324;10
606;323;50
606;324;50
607;323;50
607;324;70
608;323;10
608;324;10
609;325;10
609;326;100
609;327;50
610;326;70
610;327;100
611;326;10
611;327;10
612;326;10
612;327;70
613;326;50
613;327;10
614;326;10
614;327;50
615;328;70
615;329;50
615;330;70
616;329;50
616;330;100
617;329;100
617;330;70
618;329;100
618;330;50
619;329;100
619;330;10
620;329;50
620;330;10
621;331;50
621;332;10
621;333;50
622;332;100
622;333;70
623;332;10
623;333;70
624;332;10
624;333;70
625;332;100
625;333;100
626;332;100
626;333;10
627;334;50
627;335;100
627;336;70
628;335;50
628;336;50
629;335;100
629;336;100
630;335;70
630;336;10
631;335;70
631;336;10
632;335;100
632;336;50
633;337;100
633;338;70
633;339;100
634;338;50
634;339;10
635;338;50
635;339;50
636;338;100
636;339;100
637;338;70
637;339;100
638;338;100
638;339;50
639;340;50
639;341;50
639;342;100
640;341;70
640;342;70
641;341;70
641;342;10
642;341;70
642;342;50
643;341;50
643;342;10
644;341;100
644;342;70
645;343;50
645;344;10
645;345;10
646;344;70
646;345;70
647;344;10
647;345;10
648;344;70
648;345;100
649;344;100
649;345;100
650;344;10
650;345;50
651;346;10
651;347;50
651;348;50
652;347;100
652;348;100
653;347;70
653;348;10
654;347;100
654;348;70
655;347;70
655;348;10
656;347;100
656;348;50
657;349;70
657;350;10
657;351;50
658;350;100
658;351;10
659;350;50
659;351;50
660;350;50
660;351;70
661;350;70
661;351;10
662;350;50
662;351;50
663;352;100
663;353;50
663;354;50
664;353;100
664;354;10
665;353;70
665;354;50
666;353;100
666;354;100
667;353;10
667;354;70
668;353;50
668;354;10
669;355;70
669;356;100
669;357;50
670;356;70
670;357;100
671;356;70
671;357;70
672;356;10
672;357;70
673;356;70
673;357;50
674;356;70
674;357;50
675;358;10
675;359;10
675;360;100
676;359;70
676;360;70
677;359;50
677;360;100
678;359;100
678;360;10
679;359;10
679;360;100
680;359;50
680;360;70
681;361;50
681;362;70
681;363;100
682;362;50
682;363;50
683;362;10
683;363;50
684;362;50
684;363;10
685;362;50
685;363;100
686;362;70
686;363;50
687;364;70
687;365;50
687;366;100
688;365;100
688;366;10
689;365;50
689;366;100
690;365;70
690;366;50
691;365;10
691;366;100
692;365;100
692;366;70
693;367;70
693;368;70
693;369;70
694;368;70
694;369;70
695;368;50
695;369;70
696;368;100
696;369;10
697;368;100
697;369;100
698;368;70
698;369;100
699;370;70
699;371;50
699;372;10
700;371;10
700;372;70
701;371;50
701;372;100
702;371;50
702;372;70
703;371;10
703;372;50
704;371;70
704;372;10
705;373;70
705;374;70
705;375;50
706;374;10
706;375;50
707;374;50
707;375;10
708;374;100
708;375;50
709;374;100
709;375;50
710;374;10
710;375;100
711;376;100
711;377;50
711;378;50
712;377;50
712;378;100
713;377;100
713;378;70
714;377;70
714;378;10
715;377;100
715;378;70
716;377;50
716;378;100
717;379;100
717;380;50
717;381;70
718;380;70
718;381;50
719;380;100
719;381;100
720;380;50
720;381;70
721;380;100
721;381;50
722;380;70
722;381;100
723;382;10
723;383;50
723;384;50
724;383;50
724;384;100
725;383;100
725;384;10
726;383;10
726;384;100
727;383;70
727;384;70
728;383;50
728;384;100
729;385;100
729;386;10
729;387;100
730;386;50
730;387;100
731;386;70
731;387;50
732;386;50
732;387;100
733;386;10
733;387;70
734;386;10
734;387;50
735;388;100
735;389;10
735;390;10
736;389;10
736;390;100
737;389;10
737;390;50
738;389;10
738;390;100
739;389;100
739;390;50
740;389;100
740;390;10
741;391;10
741;392;100
741;393;10
742;392;70
742;393;100
743;392;70
743;393;100
744;392;70
744;393;10
745;392;50
745;393;50
746;392;100
746;393;50
747;394;100
747;395;50
747;396;100
748;395;10
748;396;10
749;395;70
749;396;10
750;395;70
750;396;70
751;395;100
751;396;100
752;395;70
752;396;10
753;397;10
753;398;100
753;399;10
754;398;10
754;399;10
755;398;50
755;399;70
756;398;10
756;399;10
757;398;100
757;399;50
758;398;10
758;399;10
759;400;100
759;401;50
759;402;70
760;401;70
760;402;100
761;401;70
761;402;70
762;401;10
762;402;50
763;401;100
763;402;50
764;401;100
764;402;70
765;403;100
765;404;10
765;405;50
766;404;70
766;405;10
767;404;100
767;405;100
768;404;70
768;405;10
769;404;70
769;405;50
770;404;70
770;405;10
771;406;50
771;407;70
771;408;10
772;407;50
772;408;50
773;407;100
773;408;100
774;407;10
774;408;100
775;407;100
775;408;100
776;407;50
776;408;70
777;409;100
777;410;10
777;411;10
778;410;50
778;411;100
779;410;50
779;411;50
780;410;10
780;411;50
781;410;100
781;411;70
782;410;70
782;411;50
783;412;70
783;413;50
783;414;50
784;413;10
784;414;100
785;413;10
785;414;70
786;413;70
786;414;50
787;413;50
787;414;50
788;413;70
788;414;10
789;415;10
789;416;50
789;417;10
790;416;10
790;417;50
791;416;100
791;417;50
792;416;10
792;417;100
793;416;50
793;417;50
794;416;50
794;417;100
795;418;70
795;419;10
795;420;70
796;419;10
796;420;10
797;419;70
797;420;50
798;419;50
798;420;50
799;419;70
799;420;50
800;419;10
800;420;50
801;421;100
801;422;100
801;423;70
802;422;50
802;423;50
803;422;70
803;423;100
804;422;70
804;423;70
805;422;10
805;423;70
806;422;50
806;423;100
807;424;70
807;425;10
807;426;100
808;425;50
808;426;50
809;425;10
809;426;10
810;425;10
810;426;70
811;425;70
811;426;50
812;425;100
812;426;50
813;427;100
813;428;100
813;429;50
814;428;50
814;429;10
815;428;50
815;429;50
816;428;50
816;429;50
817;428;100
817;429;70
818;428;50
818;429;70
819;430;50
819;431;50
819;432;10
820;431;50
820;432;10
821;431;70
821;432;50
822;431;70
822;432;10
823;431;70
823;432;70
824;431;50
824;432;70
825;433;100
825;434;10
825;435;50
826;434;10
826;435;10
827;434;70
827;435;10
828;434;50
828;435;100
829;434;50
829;435;70
830;434;100
830;435;10
831;436;50
831;437;10
831;438;50
832;437;70
832;438;10
833;437;70
833;438;100
834;437;50
834;438;100
835;437;50
835;438;10
836;437;70
836;438;100
837;439;50
837;440;100
837;441;70
838;440;50
838;441;100
839;440;10
839;441;50
840;440;50
840;441;10
841;440;50
841;441;70
842;440;10
842;441;50
843;442;10
843;443;100
843;444;70
844;443;50
844;444;70
845;443;10
845;444;10
846;443;100
846;444;100
847;443;100
847;444;70
848;443;100
848;444;100
849;445;100
849;446;10
849;447;100
850;446;50
850;447;50
851;446;10
851;447;70
852;446;100
852;447;50
853;446;70
853;447;100
854;446;100
854;447;10
855;448;100
855;449;100
856;449;10
857;449;70
858;449;50
859;449;70
860;449;10
0;0;10
0;1;10
0;2;10
0;3;10
0;4;10
0;5;10
0;6;10
0;7;10
1;0;10
1;1;20
1;2;30
1;3;40
1;4;50
1;5;60
1;6;70
1;7;80
2;0;10
2;1;10
2;2;10
2;3;10
2;4;10
2;5;10
2;6;10
2;7;10
3;0;80
3;1;70
3;2;60
3;3;50
3;4;40
3;5;30
3;6;20
3;7;10
4;0;80
4;1;70
4;2;60
4;3;50
4;4;40
4;5;30
4;6;20
4;7;10
5;0;80
5;1;70
5;2;60
5;3;50
5;4;40
5;5;30
5;6;20
5;7;10
6;0;10
6;1;20
6;2;30
6;3;40
6;4;50
6;5;60
6;6;70
6;7;80
7;0;80
7;1;70
7;2;60
7;3;50
7;4;40
7;5;30
7;6;20
7;7;10
8;0;10
8;1;20
8;2;30
8;3;40
8;4;50
8;5;60
8;6;70
8;7;80
9;0;80
9;1;70
9;2;60
9;3;50
9;4;40
9;5;30
9;6;20
9;7;10
10;0;10
10;1;10
10;2;10
10;3;10
10;4;10
10;5;10
10;6;10
10;7;10
11;0;10
11;1;20
11;2;30
11;3;40
11;4;50
11;5;60
11;6;70
11;7;80
12;0;10
12;1;10
12;2;10
12;3;10
12;4;10
12;5;10
12;6;10
12;7;10
13;0;80
13;1;70
13;2;60
13;3;50
13;4;40
13;5;30
13;6;20
13;7;10
14;0;10
14;1;20
14;2;30
14;3;40
14;4;50
14;5;60
14;6;70
14;7;80
15;0;80
15;1;70
15;2;60
15;3;50
15;4;40
15;5;30
15;6;20
15;7;10
16;0;10
16;1;10
16;2;10
16;3;10
16;4;10
16;5;10
16;6;10
16;7;10
17;0;10
17;1;20
17;2;30
17;3;40
17;4;50
17;5;60
17;6;70
17;7;80
18;0;80
18;1;70
18;2;60
18;3;50
18;4;40
18;5;30
18;6;20
18;7;10
19;0;10
19;1;10
19;2;10
19;3;10
19;4;10
19;5;10
19;6;10
19;7;10
20;0;10
20;1;20
20;2;30
20;3;40
20;4;50
20;5;60
20;6;70
20;7;80
21;0;80
21;1;70
21;2;60
21;3;50
21;4;40
21;5;30
21;6;20
21;7;10
22;0;10
22;1;20
22;2;30
22;3;40
22;4;50
22;5;60
22;6;70
22;7;80
23;0;10
23;1;20
23;2;30
23;3;40
23;4;50
23;5;60
23;6;70
23;7;80
24;0;10
24;1;20
24;2;30
24;3;40
24;4;50
24;5;60
24;6;70
24;7;80
25;0;10
25;1;20
25;2;30
25;3;40
25;4;50
25;5;60
25;6;70
25;7;80
26;0;10
26;1;10
26;2;10
26;3;10
26;4;10
26;5;10
26;6;10
26;7;10
27;0;10
27;1;20
27;2;30
27;3;40
27;4;50
27;5;60
27;6;70
27;7;80
28;0;10
28;1;10
28;2;10
28;3;10
28;4;10
28;5;10
28;6;10
28;7;10
29;0;80
29;1;70
29;2;60
29;3;50
29;4;40
29;5;30
29;6;20
29;7;10
30;0;10
30;1;10
30;2;10
30;3;10
30;4;10
30;5;10
30;6;10
30;7;10
31;0;10
31;1;10
31;2;10
31;3;10
31;4;10
31;5;10
31;6;10
31;7;10
32;0;80
32;1;70
32;2;60
32;3;50
32;4;40
32;5;30
32;6;20
32;7;10
33;0;10
33;1;20
33;2;30
33;3;40
33;4;50
33;5;60
33;6;70
33;7;80
34;0;10
34;1;20
34;2;30
34;3;40
34;4;50
34;5;60
34;6;70
34;7;80
35;0;10
35;1;10
35;2;10
35;3;10
35;4;10
35;5;10
35;6;10
35;7;10
36;0;10
36;1;10
36;2;10
36;3;10
36;4;10
36;5;10
36;6;10
36;7;10
37;0;10
37;1;20
37;2;30
37;3;40
37;4;50
37;5;60
37;6;70
37;7;80
38;0;10
38;1;10
38;2;10
38;3;10
38;4;10
38;5;10
38;6;10
38;7;10
39;0;80
39;1;70
39;2;60
39;3;50
39;4;40
39;5;30
39;6;20
39;7;10
40;0;10
40;1;10
40;2;10
40;3;10
40;4;10
40;5;10
40;6;10
40;7;10
41;0;80
41;1;70
41;2;60
41;3;50
41;4;40
41;5;30
41;6;20
41;7;10
42;0;10
42;1;10
42;2;10
42;3;10
42;4;10
42;5;10
42;6;10
42;7;10
43;0;10
43;1;10
43;2;10
43;3;10
43;4;10
43;5;10
43;6;10
43;7;10
44;0;10
44;1;20
44;2;30
44;3;40
44;4;50
44;5;60
44;6;70
44;7;80
45;0;10
45;1;10
45;2;10
45;3;10
45;4;10
45;5;10
45;6;10
45;7;10
46;0;80
46;1;70
46;2;60
46;3;50
46;4;40
46;5;30
46;6;20
46;7;10
47;0;10
47;1;20
47;2;30
47;3;40
47;4;50
47;5;60
47;6;70
47;7;80
48;0;10
48;1;20
48;2;30
48;3;40
48;4;50
48;5;60
48;6;70
48;7;80
49;0;80
49;1;70
49;2;60
49;3;50
49;4;40
49;5;30
49;6;20
49;7;10
50;0;10
50;1;10
50;2;10
50;3;10
50;4;10
50;5;10
50;6;10
50;7;10
51;0;80
51;1;70
51;2;60
51;3;50
51;4;40
51;5;30
51;6;20
51;7;10
52;0;10
52;1;20
52;2;30
52;3;40
52;4;50
52;5;60
52;6;70
52;7;80
53;0;80
53;1;70
53;2;60
53;3;50
53;4;40
53;5;30
53;6;20
53;7;10
54;0;10
54;1;10
54;2;10
54;3;10
54;4;10
54;5;10
54;6;10
54;7;10
55;0;10
55;1;10
55;2;10
55;3;10
55;4;10
55;5;10
55;6;10
55;7;10
56;0;80
56;1;70
56;2;60
56;3;50
56;4;40
56;5;30
56;6;20
56;7;10
57;0;10
57;1;20
57;2;30
57;3;40
57;4;50
57;5;60
57;6;70
57;7;80
58;0;10
58;1;20
58;2;30
58;3;40
58;4;50
58;5;60
58;6;70
58;7;80
59;0;80
59;1;70
59;2;60
59;3;50
59;4;40
59;5;30
59;6;20
59;7;10
60;0;10
60;1;10
60;2;10
60;3;10
60;4;10
60;5;10
60;6;10
60;7;10
61;0;10
61;1;20
61;2;30
61;3;40
61;4;50
61;5;60
61;6;70
61;7;80
62;0;10
62;1;20
62;2;30
62;3;40
62;4;50
62;5;60
62;6;70
62;7;80
63;0;80
63;1;70
63;2;60
63;3;50
63;4;40
63;5;30
63;6;20
63;7;10
64;0;10
64;1;20
64;2;30
64;3;40
64;4;50
64;5;60
64;6;70
64;7;80
65;0;80
65;1;70
65;2;60
65;3;50
65;4;40
65;5;30
65;6;20
65;7;10
66;0;10
66;1;10
66;2;10
66;3;10
66;4;10
66;5;10
66;6;10
66;7;10
67;0;10
67;1;10
67;2;10
67;3;10
67;4;10
67;5;10
67;6;10
67;7;10
68;0;80
68;1;70
68;2;60
68;3;50
68;4;40
68;5;30
68;6;20
68;7;10
69;0;80
69;1;70
69;2;60
69;3;50
69;4;40
69;5;30
69;6;20
69;7;10
70;0;80
70;1;70
70;2;60
70;3;50
70;4;40
70;5;30
70;6;20
70;7;10
71;0;10
71;1;10
71;2;10
71;3;10
71;4;10
71;5;10
71;6;10
71;7;10
72;0;10
72;1;10
72;2;10
72;3;10
72;4;10
72;5;10
72;6;10
72;7;10
73;0;80
73;1;70
73;2;60
73;3;50
73;4;40
73;5;30
73;6;20
73;7;10
74;0;10
74;1;10
74;2;10
74;3;10
74;4;10
74;5;10
74;6;10
74;7;10
75;0;10
75;1;10
75;2;10
75;3;10
75;4;10
75;5;10
75;6;10
75;7;10
76;0;80
76;1;70
76;2;60
76;3;50
76;4;40
76;5;30
76;6;20
76;7;10
77;0;80
77;1;70
77;2;60
77;3;50
77;4;40
77;5;30
77;6;20
77;7;10
78;0;80
78;1;70
78;2;60
78;3;50
78;4;40
78;5;30
78;6;20
78;7;10
79;0;80
79;1;70
79;2;60
79;3;50
79;4;40
79;5;30
79;6;20
79;7;10
80;0;10
80;1;10
80;2;10
80;3;10
80;4;10
80;5;10
80;6;10
80;7;10
81;0;10
81;1;10
81;2;10
81;3;10
81;4;10
81;5;10
81;6;10
81;7;10
82;0;10
82;1;10
82;2;10
82;3;10
82;4;10
82;5;10
82;6;10
82;7;10
83;0;10
83;1;10
83;2;10
83;3;10
83;4;10
83;5;10
83;6;10
83;7;10
84;0;80
84;1;70
84;2;60
84;3;50
84;4;40
84;5;30
84;6;20
84;7;10
85;0;80
85;1;70
85;2;60
85;3;50
85;4;40
85;5;30
85;6;20
85;7;10
86;0;80
86;1;70
86;2;60
86;3;50
86;4;40
86;5;30
86;6;20
86;7;10
87;0;80
87;1;70
87;2;60
87;3;50
87;4;40
87;5;30
87;6;20
87;7;10
88;0;10
88;1;20
88;2;30
88;3;40
88;4;50
88;5;60
88;6;70
88;7;80
89;0;10
89;1;10
89;2;10
89;3;10
89;4;10
89;5;10
89;6;10
89;7;10
90;0;10
90;1;10
90;2;10
90;3;10
90;4;10
90;5;10
90;6;10
90;7;10
91;0;80
91;1;70
91;2;60
91;3;50
91;4;40
91;5;30
91;6;20
91;7;10
92;0;10
92;1;20
92;2;30
92;3;40
92;4;50
92;5;60
92;6;70
92;7;80
93;0;10
93;1;20
93;2;30
93;3;40
93;4;50
93;5;60
93;6;70
93;7;80
94;0;80
94;1;70
94;2;60
94;3;50
94;4;40
94;5;30
94;6;20
94;7;10
95;0;10
95;1;20
95;2;30
95;3;40
95;4;50
95;5;60
95;6;70
95;7;80
96;0;10
96;1;10
96;2;10
96;3;10
96;4;10
96;5;10
96;6;10
96;7;10
97;0;10
97;1;10
97;2;10
97;3;10
97;4;10
97;5;10
97;6;10
97;7;10
98;0;10
98;1;20
98;2;30
98;3;40
98;4;50
98;5;60
98;6;70
98;7;80
99;0;10
99;1;10
99;2;10
99;3;10
99;4;10
99;5;10
99;6;10
99;7;10
100;0;10
100;1;20
100;2;30
100;3;40
100;4;50
100;5;60
100;6;70
100;7;80
101;0;80
101;1;70
101;2;60
101;3;50
101;4;40
101;5;30
101;6;20
101;7;10
102;0;10
102;1;10
102;2;10
102;3;10
102;4;10
102;5;10
102;6;10
102;7;10
103;0;10
103;1;20
103;2;30
103;3;40
103;4;50
103;5;60
103;6;70
103;7;80
104;0;10
104;1;20
104;2;30
104;3;40
104;4;50
104;5;60
104;6;70
104;7;80
105;0;10
105;1;20
105;2;30
105;3;40
105;4;50
105;5;60
105;6;70
105;7;80
106;0;10
106;1;10
106;2;10
106;3;10
106;4;10
106;5;10
106;6;10
106;7;10
107;0;10
107;1;20
107;2;30
107;3;40
107;4;50
107;5;60
107;6;70
107;7;80
108;0;10
108;1;20
108;2;30
108;3;40
108;4;50
108;5;60
108;6;70
108;7;80
109;0;10
109;1;10
109;2;10
109;3;10
109;4;10
109;5;10
109;6;10
109;7;10
110;0;10
110;1;10
110;2;10
110;3;10
110;4;10
110;5;10
110;6;10
110;7;10
111;0;10
111;1;10
111;2;10
111;3;10
111;4;10
111;5;10
111;6;10
111;7;10
112;0;10
112;1;20
112;2;30
112;3;40
112;4;50
112;5;60
112;6;70
112;7;80
113;0;80
113;1;70
113;2;60
113;3;50
113;4;40
113;5;30
113;6;20
113;7;10
114;0;80
114;1;70
114;2;60
114;3;50
114;4;40
114;5;30
114;6;20
114;7;10
115;0;10
115;1;10
115;2;10
115;3;10
115;4;10
115;5;10
115;6;10
115;7;10
116;0;10
116;1;10
116;2;10
116;3;10
116;4;10
116;5;10
116;6;10
116;7;10
117;0;80
117;1;70
117;2;60
117;3;50
117;4;40
117;5;30
117;6;20
117;7;10
118;0;10
118;1;20
118;2;30
118;3;40
118;4;50
118;5;60
118;6;70
118;7;80
119;0;10
119;1;10
119;2;10
119;3;10
119;4;10
119;5;10
119;6;10
119;7;10
120;0;10
120;1;10
120;2;10
120;3;10
120;4;10
120;5;10
120;6;10
120;7;10
121;0;10
121;1;10
121;2;10
121;3;10
121;4;10
121;5;10
121;6;10
121;7;10
122;0;80
122;1;70
122;2;60
122;3;50
122;4;40
122;5;30
122;6;20
122;7;10
123;0;10
123;1;10
123;2;10
123;3;10
123;4;10
123;5;10
123;6;10
123;7;10
124;0;80
124;1;70
124;2;60
124;3;50
124;4;40
124;5;30
124;6;20
124;7;10
125;0;80
125;1;70
125;2;60
125;3;50
125;4;40
125;5;30
125;6;20
125;7;10
126;0;10
126;1;10
126;2;10
126;3;10
126;4;10
126;5;10
126;6;10
126;7;10
127;0;80
127;1;70
127;2;60
127;3;50
127;4;40
127;5;30
127;6;20
127;7;10
128;0;80
128;1;70
128;2;60
128;3;50
128;4;40
128;5;30
128;6;20
128;7;10
129;0;10
129;1;20
129;2;30
129;3;40
129;4;50
129;5;60
129;6;70
129;7;80
130;0;10
130;1;10
130;2;10
130;3;10
130;4;10
130;5;10
130;6;10
130;7;10
131;0;10
131;1;20
131;2;30
131;3;40
131;4;50
131;5;60
131;6;70
131;7;80
132;0;10
132;1;20
132;2;30
132;3;40
132;4;50
132;5;60
132;6;70
132;7;80
133;0;10
133;1;20
133;2;30
133;3;40
133;4;50
133;5;60
133;6;70
133;7;80
134;0;10
134;1;10
134;2;10
134;3;10
134;4;10
134;5;10
134;6;10
134;7;10
135;0;10
135;1;10
135;2;10
135;3;10
135;4;10
135;5;10
135;6;10
135;7;10
136;0;80
136;1;70
136;2;60
136;3;50
136;4;40
136;5;30
136;6;20
136;7;10
137;0;80
137;1;70
137;2;60
137;3;50
137;4;40
137;5;30
137;6;20
137;7;10
138;0;10
138;1;20
138;2;30
138;3;40
138;4;50
138;5;60
138;6;70
138;7;80
139;0;10
139;1;10
139;2;10
139;3;10
139;4;10
139;5;10
139;6;10
139;7;10
140;0;10
140;1;20
140;2;30
140;3;40
140;4;50
140;5;60
140;6;70
140;7;80
141;0;10
141;1;20
141;2;30
141;3;40
141;4;50
141;5;60
141;6;70
141;7;80
142;0;10
142;1;10
142;2;10
142;3;10
142;4;10
142;5;10
142;6;10
142;7;10
143;0;80
143;1;70
143;2;60
143;3;50
143;4;40
143;5;30
143;6;20
143;7;10
144;0;10
144;1;20
144;2;30
144;3;40
144;4;50
144;5;60
144;6;70
144;7;80
145;0;10
145;1;10
145;2;10
145;3;10
145;4;10
145;5;10
145;6;10
145;7;10
146;0;10
146;1;20
146;2;30
146;3;40
146;4;50
146;5;60
146;6;70
146;7;80
147;0;10
147;1;20
147;2;30
147;3;40
147;4;50
147;5;60
147;6;70
147;7;80
148;0;10
148;1;10
148;2;10
148;3;10
148;4;10
148;5;10
148;6;10
148;7;10
149;0;80
149;1;70
149;2;60
149;3;50
149;4;40
149;5;30
149;6;20
149;7;10
150;0;10
150;1;10
150;2;10
150;3;10
150;4;10
150;5;10
150;6;10
150;7;10
151;0;10
151;1;20
151;2;30
151;3;40
151;4;50
151;5;60
151;6;70
151;7;80
152;0;80
152;1;70
152;2;60
152;3;50
152;4;40
152;5;30
152;6;20
152;7;10
153;0;10
153;1;20
153;2;30
153;3;40
153;4;50
153;5;60
153;6;70
153;7;80
154;0;10
154;1;10
154;2;10
154;3;10
154;4;10
154;5;10
154;6;10
154;7;10
155;0;10
155;1;10
155;2;10
155;3;10
155;4;10
155;5;10
155;6;10
155;7;10
156;0;80
156;1;70
156;2;60
156;3;50
156;4;40
156;5;30
156;6;20
156;7;10
157;0;10
157;1;10
157;2;10
157;3;10
157;4;10
157;5;10
157;6;10
157;7;10
158;0;10
158;1;20
158;2;30
158;3;40
158;4;50
158;5;60
158;6;70
158;7;80
159;0;80
159;1;70
159;2;60
159;3;50
159;4;40
159;5;30
159;6;20
159;7;10
160;0;80
160;1;70
160;2;60
160;3;50
160;4;40
160;5;30
160;6;20
160;7;10
161;0;80
161;1;70
161;2;60
161;3;50
161;4;40
161;5;30
161;6;20
161;7;10
162;0;80
162;1;70
162;2;60
162;3;50
162;4;40
162;5;30
162;6;20
162;7;10
163;0;10
163;1;20
163;2;30
163;3;40
163;4;50
163;5;60
163;6;70
163;7;80
164;0;10
164;1;10
164;2;10
164;3;10
164;4;10
164;5;10
164;6;10
164;7;10
165;0;10
165;1;10
165;2;10
165;3;10
165;4;10
165;5;10
165;6;10
165;7;10
166;0;10
166;1;10
166;2;10
166;3;10
166;4;10
166;5;10
166;6;10
166;7;10
167;0;10
167;1;10
167;2;10
167;3;10
167;4;10
167;5;10
167;6;10
167;7;10
168;0;80
168;1;70
168;2;60
168;3;50
168;4;40
168;5;30
168;6;20
168;7;10
169;0;10
169;1;10
169;2;10
169;3;10
169;4;10
169;5;10
169;6;10
169;7;10
170;0;10
170;1;10
170;2;10
170;3;10
170;4;10
170;5;10
170;6;10
170;7;10
171;0;10
171;1;10
171;2;10
171;3;10
171;4;10
171;5;10
171;6;10
171;7;10
172;0;10
172;1;10
172;2;10
172;3;10
172;4;10
172;5;10
172;6;10
172;7;10
173;0;10
173;1;10
173;2;10
173;3;10
173;4;10
173;5;10
173;6;10
173;7;10
174;0;80
174;1;70
174;2;60
174;3;50
174;4;40
174;5;30
174;6;20
174;7;10
175;0;10
175;1;10
175;2;10
175;3;10
175;4;10
175;5;10
175;6;10
175;7;10
176;0;80
176;1;70
176;2;60
176;3;50
176;4;40
176;5;30
176;6;20
176;7;10
177;0;10
177;1;20
177;2;30
177;3;40
177;4;50
177;5;60
177;6;70
177;7;80
178;0;10
178;1;10
178;2;10
178;3;10
178;4;10
178;5;10
178;6;10
178;7;10
179;0;10
179;1;10
179;2;10
179;3;10
179;4;10
179;5;10
179;6;10
179;7;10
180;0;10
180;1;10
180;2;10
180;3;10
180;4;10
180;5;10
180;6;10
180;7;10
181;0;80
181;1;70
181;2;60
181;3;50
181;4;40
181;5;30
181;6;20
181;7;10
182;0;10
182;1;20
182;2;30
182;3;40
182;4;50
182;5;60
182;6;70
182;7;80
183;0;10
183;1;10
183;2;10
183;3;10
183;4;10
183;5;10
183;6;10
183;7;10
184;0;10
184;1;20
184;2;30
184;3;40
184;4;50
184;5;60
184;6;70
184;7;80
185;0;10
185;1;20
185;2;30
185;3;40
185;4;50
185;5;60
185;6;70
185;7;80
186;0;80
186;1;70
186;2;60
186;3;50
186;4;40
186;5;30
186;6;20
186;7;10
187;0;10
187;1;20
187;2;30
187;3;40
187;4;50
187;5;60
187;6;70
187;7;80
188;0;80
188;1;70
188;2;60
188;3;50
188;4;40
188;5;30
188;6;20
188;7;10
189;0;10
189;1;20
189;2;30
189;3;40
189;4;50
189;5;60
189;6;70
189;7;80
190;0;10
190;1;10
190;2;10
190;3;10
190;4;10
190;5;10
190;6;10
190;7;10
191;0;10
191;1;20
191;2;30
191;3;40
191;4;50
191;5;60
191;6;70
191;7;80
192;0;10
192;1;20
192;2;30
192;3;40
192;4;50
192;5;60
192;6;70
192;7;80
193;0;10
193;1;20
193;2;30
193;3;40
193;4;50
193;5;60
193;6;70
193;7;80
194;0;10
194;1;20
194;2;30
194;3;40
194;4;50
194;5;60
194;6;70
194;7;80
195;0;10
195;1;20
195;2;30
195;3;40
195;4;50
195;5;60
195;6;70
195;7;80
196;0;10
196;1;10
196;2;10
196;3;10
196;4;10
196;5;10
196;6;10
196;7;10
197;0;10
197;1;20
197;2;30
197;3;40
197;4;50
197;5;60
197;6;70
197;7;80
198;0;10
198;1;10
198;2;10
198;3;10
198;4;10
198;5;10
198;6;10
198;7;10
199;0;10
199;1;20
199;2;30
199;3;40
199;4;50
199;5;60
199;6;70
199;7;80
200;0;10
200;1;20
200;2;30
200;3;40
200;4;50
200;5;60
200;6;70
200;7;80
201;0;10
201;1;20
201;2;30
201;3;40
201;4;50
201;5;60
201;6;70
201;7;80
202;0;10
202;1;10
202;2;10
202;3;10
202;4;10
202;5;10
202;6;10
202;7;10
203;0;80
203;1;70
203;2;60
203;3;50
203;4;40
203;5;30
203;6;20
203;7;10
204;0;10
204;1;20
204;2;30
204;3;40
204;4;50
204;5;60
204;6;70
204;7;80
205;0;10
205;1;10
205;2;10
205;3;10
205;4;10
205;5;10
205;6;10
205;7;10
206;0;80
206;1;70
206;2;60
206;3;50
206;4;40
206;5;30
206;6;20
206;7;10
207;0;10
207;1;10
207;2;10
207;3;10
207;4;10
207;5;10
207;6;10
207;7;10
208;0;10
208;1;20
208;2;30
208;3;40
208;4;50
208;5;60
208;6;70
208;7;80
209;0;80
209;1;70
209;2;60
209;3;50
209;4;40
209;5;30
209;6;20
209;7;10
210;0;10
210;1;20
210;2;30
210;3;40
210;4;50
210;5;60
210;6;70
210;7;80
211;0;10
211;1;20
211;2;30
211;3;40
211;4;50
211;5;60
211;6;70
211;7;80
212;0;10
212;1;10
212;2;10
212;3;10
212;4;10
212;5;10
212;6;10
212;7;10
213;0;80
213;1;70
213;2;60
213;3;50
213;4;40
213;5;30
213;6;20
213;7;10
214;0;80
214;1;70
214;2;60
214;3;50
214;4;40
214;5;30
214;6;20
214;7;10
215;0;80
215;1;70
215;2;60
215;3;50
215;4;40
215;5;30
215;6;20
215;7;10
216;0;10
216;1;20
216;2;30
216;3;40
216;4;50
216;5;60
216;6;70
216;7;80
217;0;10
217;1;10
217;2;10
217;3;10
217;4;10
217;5;10
217;6;10
217;7;10
218;0;10
218;1;20
218;2;30
218;3;40
218;4;50
218;5;60
218;6;70
218;7;80
219;0;10
219;1;10
219;2;10
219;3;10
219;4;10
219;5;10
219;6;10
219;7;10
220;0;10
220;1;20
220;2;30
220;3;40
220;4;50
220;5;60
220;6;70
220;7;80
221;0;10
221;1;10
221;2;10
221;3;10
221;4;10
221;5;10
221;6;10
221;7;10
222;0;80
222;1;70
222;2;60
222;3;50
222;4;40
222;5;30
222;6;20
222;7;10
223;0;10
223;1;10
223;2;10
223;3;10
223;4;10
223;5;10
223;6;10
223;7;10
224;0;80
224;1;70
224;2;60
224;3;50
224;4;40
224;5;30
224;6;20
224;7;10
225;0;80
225;1;70
225;2;60
225;3;50
225;4;40
225;5;30
225;6;20
225;7;10
226;0;10
226;1;10
226;2;10
226;3;10
226;4;10
226;5;10
226;6;10
226;7;10
227;0;80
227;1;70
227;2;60
227;3;50
227;4;40
227;5;30
227;6;20
227;7;10
228;0;10
228;1;20
228;2;30
228;3;40
228;4;50
228;5;60
228;6;70
228;7;80
229;0;10
229;1;20
229;2;30
229;3;40
229;4;50
229;5;60
229;6;70
229;7;80
230;0;10
230;1;10
230;2;10
230;3;10
230;4;10
230;5;10
230;6;10
230;7;10
231;0;10
231;1;20
231;2;30
231;3;40
231;4;50
231;5;60
231;6;70
231;7;80
232;0;10
232;1;20
232;2;30
232;3;40
232;4;50
232;5;60
232;6;70
232;7;80
233;0;80
233;1;70
233;2;60
233;3;50
233;4;40
233;5;30
233;6;20
233;7;10
234;0;10
234;1;10
234;2;10
234;3;10
234;4;10
234;5;10
234;6;10
234;7;10
235;0;10
235;1;10
235;2;10
235;3;10
235;4;10
235;5;10
235;6;10
235;7;10
236;0;10
236;1;10
236;2;10
236;3;10
236;4;10
236;5;10
236;6;10
236;7;10
237;0;80
237;1;70
237;2;60
237;3;50
237;4;40
237;5;30
237;6;20
237;7;10
238;0;10
238;1;10
238;2;10
238;3;10
238;4;10
238;5;10
238;6;10
238;7;10
239;0;80
239;1;70
239;2;60
239;3;50
239;4;40
239;5;30
239;6;20
239;7;10
240;0;10
240;1;10
240;2;10
240;3;10
240;4;10
240;5;10
240;6;10
240;7;10
241;0;80
241;1;70
241;2;60
241;3;50
241;4;40
241;5;30
241;6;20
241;7;10
242;0;10
242;1;10
242;2;10
242;3;10
242;4;10
242;5;10
242;6;10
242;7;10
243;0;10
243;1;10
243;2;10
243;3;10
243;4;10
243;5;10
243;6;10
243;7;10
244;0;10
244;1;20
244;2;30
244;3;40
244;4;50
244;5;60
244;6;70
244;7;80
245;0;10
245;1;10
245;2;10
245;3;10
245;4;10
245;5;10
245;6;10
245;7;10
246;0;10
246;1;10
246;2;10
246;3;10
246;4;10
246;5;10
246;6;10
246;7;10
247;0;80
247;1;70
247;2;60
247;3;50
247;4;40
247;5;30
247;6;20
247;7;10
248;0;80
248;1;70
248;2;60
248;3;50
248;4;40
248;5;30
248;6;20
248;7;10
249;0;10
249;1;20
249;2;30
249;3;40
249;4;50
249;5;60
249;6;70
249;7;80
250;0;80
250;1;70
250;2;60
250;3;50
250;4;40
250;5;30
250;6;20
250;7;10
251;0;10
251;1;10
251;2;10
251;3;10
251;4;10
251;5;10
251;6;10
251;7;10
252;0;10
252;1;20
252;2;30
252;3;40
252;4;50
252;5;60
252;6;70
252;7;80
253;0;10
253;1;10
253;2;10
253;3;10
253;4;10
253;5;10
253;6;10
253;7;10
254;0;10
254;1;20
254;2;30
254;3;40
254;4;50
254;5;60
254;6;70
254;7;80
255;0;80
255;1;70
255;2;60
255;3;50
255;4;40
255;5;30
255;6;20
255;7;10
256;0;10
256;1;10
256;2;10
256;3;10
256;4;10
256;5;10
256;6;10
256;7;10
257;0;10
257;1;10
257;2;10
257;3;10
257;4;10
257;5;10
257;6;10
257;7;10
258;0;10
258;1;10
258;2;10
258;3;10
258;4;10
258;5;10
258;6;10
258;7;10
259;0;10
259;1;20
259;2;30
259;3;40
259;4;50
259;5;60
259;6;70
259;7;80
260;0;10
260;1;20
260;2;30
260;3;40
260;4;50
260;5;60
260;6;70
260;7;80
261;0;10
261;1;20
261;2;30
261;3;40
261;4;50
261;5;60
261;6;70
261;7;80
262;0;10
262;1;20
262;2;30
262;3;40
262;4;50
262;5;60
262;6;70
262;7;80
263;0;10
263;1;10
263;2;10
263;3;10
263;4;10
263;5;10
263;6;10
263;7;10
264;0;80
264;1;70
264;2;60
264;3;50
264;4;40
264;5;30
264;6;20
264;7;10
265;0;80
265;1;70
265;2;60
265;3;50
265;4;40
265;5;30
265;6;20
265;7;10
266;0;10
266;1;10
266;2;10
266;3;10
266;4;10
266;5;10
266;6;10
266;7;10
267;0;10
267;1;10
267;2;10
267;3;10
267;4;10
267;5;10
267;6;10
267;7;10
268;0;10
268;1;20
268;2;30
268;3;40
268;4;50
268;5;60
268;6;70
268;7;80
269;0;80
269;1;70
269;2;60
269;3;50
269;4;40
269;5;30
269;6;20
269;7;10
270;0;10
270;1;10
270;2;10
270;3;10
270;4;10
270;5;10
270;6;10
270;7;10
271;0;10
271;1;20
271;2;30
271;3;40
271;4;50
271;5;60
271;6;70
271;7;80
272;0;10
272;1;10
272;2;10
272;3;10
272;4;10
272;5;10
272;6;10
272;7;10
273;0;10
273;1;20
273;2;30
273;3;40
273;4;50
273;5;60
273;6;70
273;7;80
274;0;10
274;1;20
274;2;30
274;3;40
274;4;50
274;5;60
274;6;70
274;7;80
275;0;80
275;1;70
275;2;60
275;3;50
275;4;40
275;5;30
275;6;20
275;7;10
276;0;10
276;1;10
276;2;10
276;3;10
276;4;10
276;5;10
276;6;10
276;7;10
277;0;10
277;1;10
277;2;10
277;3;10
277;4;10
277;5;10
277;6;10
277;7;10
278;0;10
278;1;20
278;2;30
278;3;40
278;4;50
278;5;60
278;6;70
278;7;80
279;0;80
279;1;70
279;2;60
279;3;50
279;4;40
279;5;30
279;6;20
279;7;10
280;0;10
280;1;20
280;2;30
280;3;40
280;4;50
280;5;60
280;6;70
280;7;80
281;0;10
281;1;10
281;2;10
281;3;10
281;4;10
281;5;10
281;6;10
281;7;10
282;0;10
282;1;10
282;2;10
282;3;10
282;4;10
282;5;10
282;6;10
282;7;10
283;0;10
283;1;20
283;2;30
283;3;40
283;4;50
283;5;60
283;6;70
283;7;80
284;0;10
284;1;10
284;2;10
284;3;10
284;4;10
284;5;10
284;6;10
284;7;10
285;0;10
285;1;20
285;2;30
285;3;40
285;4;50
285;5;60
285;6;70
285;7;80
286;0;10
286;1;20
286;2;30
286;3;40
286;4;50
286;5;60
286;6;70
286;7;80
287;0;10
287;1;20
287;2;30
287;3;40
287;4;50
287;5;60
287;6;70
287;7;80
288;0;10
288;1;10
288;2;10
288;3;10
288;4;10
288;5;10
288;6;10
288;7;10
289;0;10
289;1;10
289;2;10
289;3;10
289;4;10
289;5;10
289;6;10
289;7;10
290;0;10
290;1;20
290;2;30
290;3;40
290;4;50
290;5;60
290;6;70
290;7;80
291;0;10
291;1;20
291;2;30
291;3;40
291;4;50
291;5;60
291;6;70
291;7;80
292;0;80
292;1;70
292;2;60
292;3;50
292;4;40
292;5;30
292;6;20
292;7;10
293;0;10
293;1;20
293;2;30
293;3;40
293;4;50
293;5;60
293;6;70
293;7;80
294;0;10
294;1;10
294;2;10
294;3;10
294;4;10
294;5;10
294;6;10
294;7;10
295;0;80
295;1;70
295;2;60
295;3;50
295;4;40
295;5;30
295;6;20
295;7;10
296;0;10
296;1;20
296;2;30
296;3;40
296;4;50
296;5;60
296;6;70
296;7;80
297;0;80
297;1;70
297;2;60
297;3;50
297;4;40
297;5;30
297;6;20
297;7;10
298;0;80
298;1;70
298;2;60
298;3;50
298;4;40
298;5;30
298;6;20
298;7;10
299;0;10
299;1;20
299;2;30
299;3;40
299;4;50
299;5;60
299;6;70
299;7;80
300;0;10
300;1;20
300;2;30
300;3;40
300;4;50
300;5;60
300;6;70
300;7;80
301;0;10
301;1;20
301;2;30
301;3;40
301;4;50
301;5;60
301;6;70
301;7;80
302;0;10
302;1;20
302;2;30
302;3;40
302;4;50
302;5;60
302;6;70
302;7;80
303;0;10
303;1;20
303;2;30
303;3;40
303;4;50
303;5;60
303;6;70
303;7;80
304;0;80
304;1;70
304;2;60
304;3;50
304;4;40
304;5;30
304;6;20
304;7;10
305;0;10
305;1;10
305;2;10
305;3;10
305;4;10
305;5;10
305;6;10
305;7;10
306;0;10
306;1;20
306;2;30
306;3;40
306;4;50
306;5;60
306;6;70
306;7;80
307;0;80
307;1;70
307;2;60
307;3;50
307;4;40
307;5;30
307;6;20
307;7;10
308;0;10
308;1;20
308;2;30
308;3;40
308;4;50
308;5;60
308;6;70
308;7;80
309;0;80
309;1;70
309;2;60
309;3;50
309;4;40
309;5;30
309;6;20
309;7;10
310;0;10
310;1;10
310;2;10
310;3;10
310;4;10
310;5;10
310;6;10
310;7;10
311;0;80
311;1;70
311;2;60
311;3;50
311;4;40
311;5;30
311;6;20
311;7;10
312;0;10
312;1;10
312;2;10
312;3;10
312;4;10
312;5;10
312;6;10
312;7;10
313;0;80
313;1;70
313;2;60
313;3;50
313;4;40
313;5;30
313;6;20
313;7;10
314;0;10
314;1;10
314;2;10
314;3;10
314;4;10
314;5;10
314;6;10
314;7;10
315;0;10
315;1;10
315;2;10
315;3;10
315;4;10
315;5;10
315;6;10
315;7;10
316;0;10
316;1;20
316;2;30
316;3;40
316;4;50
316;5;60
316;6;70
316;7;80
317;0;10
317;1;10
317;2;10
317;3;10
317;4;10
317;5;10
317;6;10
317;7;10
318;0;10
318;1;20
318;2;30
318;3;40
318;4;50
318;5;60
318;6;70
318;7;80
319;0;10
319;1;20
319;2;30
319;3;40
319;4;50
319;5;60
319;6;70
319;7;80
320;0;80
320;1;70
320;2;60
320;3;50
320;4;40
320;5;30
320;6;20
320;7;10
321;0;10
321;1;10
321;2;10
321;3;10
321;4;10
321;5;10
321;6;10
321;7;10
322;0;10
322;1;20
322;2;30
322;3;40
322;4;50
322;5;60
322;6;70
322;7;80
323;0;10
323;1;20
323;2;30
323;3;40
323;4;50
323;5;60
323;6;70
323;7;80
324;0;10
324;1;20
324;2;30
324;3;40
324;4;50
324;5;60
324;6;70
324;7;80
325;0;80
325;1;70
325;2;60
325;3;50
325;4;40
325;5;30
325;6;20
325;7;10
326;0;80
326;1;70
326;2;60
326;3;50
326;4;40
326;5;30
326;6;20
326;7;10
327;0;80
327;1;70
327;2;60
327;3;50
327;4;40
327;5;30
327;6;20
327;7;10
328;0;80
328;1;70
328;2;60
328;3;50
328;4;40
328;5;30
328;6;20
328;7;10
329;0;10
329;1;20
329;2;30
329;3;40
329;4;50
329;5;60
329;6;70
329;7;80
330;0;80
330;1;70
330;2;60
330;3;50
330;4;40
330;5;30
330;6;20
330;7;10
331;0;80
331;1;70
331;2;60
331;3;50
331;4;40
331;5;30
331;6;20
331;7;10
332;0;80
332;1;70
332;2;60
332;3;50
332;4;40
332;5;30
332;6;20
332;7;10
333;0;10
333;1;20
333;2;30
333;3;40
333;4;50
333;5;60
333;6;70
333;7;80
334;0;10
334;1;20
334;2;30
334;3;40
334;4;50
334;5;60
334;6;70
334;7;80
335;0;10
335;1;20
335;2;30
335;3;40
335;4;50
335;5;60
335;6;70
335;7;80
336;0;10
336;1;20
336;2;30
336;3;40
336;4;50
336;5;60
336;6;70
336;7;80
337;0;10
337;1;10
337;2;10
337;3;10
337;4;10
337;5;10
337;6;10
337;7;10
338;0;10
338;1;10
338;2;10
338;3;10
338;4;10
338;5;10
338;6;10
338;7;10
339;0;80
339;1;70
339;2;60
339;3;50
339;4;40
339;5;30
339;6;20
339;7;10
340;0;10
340;1;20
340;2;30
340;3;40
340;4;50
340;5;60
340;6;70
340;7;80
341;0;80
341;1;70
341;2;60
341;3;50
341;4;40
341;5;30
341;6;20
341;7;10
342;0;10
342;1;20
342;2;30
342;3;40
342;4;50
342;5;60
342;6;70
342;7;80
343;0;10
343;1;10
343;2;10
343;3;10
343;4;10
343;5;10
343;6;10
343;7;10
344;0;10
344;1;10
344;2;10
344;3;10
344;4;10
344;5;10
344;6;10
344;7;10
345;0;10
345;1;20
345;2;30
345;3;40
345;4;50
345;5;60
345;6;70
345;7;80
346;0;10
346;1;20
346;2;30
346;3;40
346;4;50
346;5;60
346;6;70
346;7;80
347;0;10
347;1;20
347;2;30
347;3;40
347;4;50
347;5;60
347;6;70
347;7;80
348;0;10
348;1;20
348;2;30
348;3;40
348;4;50
348;5;60
348;6;70
348;7;80
349;0;80
349;1;70
349;2;60
349;3;50
349;4;40
349;5;30
349;6;20
349;7;10
350;0;80
350;1;70
350;2;60
350;3;50
350;4;40
350;5;30
350;6;20
350;7;10
351;0;10
351;1;10
351;2;10
351;3;10
351;4;10
351;5;10
351;6;10
351;7;10
352;0;80
352;1;70
352;2;60
352;3;50
352;4;40
352;5;30
352;6;20
352;7;10
353;0;10
353;1;10
353;2;10
353;3;10
353;4;10
353;5;10
353;6;10
353;7;10
354;0;10
354;1;10
354;2;10
354;3;10
354;4;10
354;5;10
354;6;10
354;7;10
355;0;10
355;1;20
355;2;30
355;3;40
355;4;50
355;5;60
355;6;70
355;7;80
356;0;80
356;1;70
356;2;60
356;3;50
356;4;40
356;5;30
356;6;20
356;7;10
357;0;10
357;1;10
357;2;10
357;3;10
357;4;10
357;5;10
357;6;10
357;7;10
358;0;80
358;1;70
358;2;60
358;3;50
358;4;40
358;5;30
358;6;20
358;7;10
359;0;10
359;1;10
359;2;10
359;3;10
359;4;10
359;5;10
359;6;10
359;7;10
360;0;10
360;1;10
360;2;10
360;3;10
360;4;10
360;5;10
360;6;10
360;7;10
361;0;80
361;1;70
361;2;60
361;3;50
361;4;40
361;5;30
361;6;20
361;7;10
362;0;10
362;1;20
362;2;30
362;3;40
362;4;50
362;5;60
362;6;70
362;7;80
363;0;10
363;1;10
363;2;10
363;3;10
363;4;10
363;5;10
363;6;10
363;7;10
364;0;10
364;1;10
364;2;10
364;3;10
364;4;10
364;5;10
364;6;10
364;7;10
365;0;10
365;1;20
365;2;30
365;3;40
365;4;50
365;5;60
365;6;70
365;7;80
366;0;80
366;1;70
366;2;60
366;3;50
366;4;40
366;5;30
366;6;20
366;7;10
367;0;10
367;1;10
367;2;10
367;3;10
367;4;10
367;5;10
367;6;10
367;7;10
368;0;10
368;1;10
368;2;10
368;3;10
368;4;10
368;5;10
368;6;10
368;7;10
369;0;10
369;1;10
369;2;10
369;3;10
369;4;10
369;5;10
369;6;10
369;7;10
370;0;10
370;1;20
370;2;30
370;3;40
370;4;50
370;5;60
370;6;70
370;7;80
371;0;80
371;1;70
371;2;60
371;3;50
371;4;40
371;5;30
371;6;20
371;7;10
372;0;10
372;1;20
372;2;30
372;3;40
372;4;50
372;5;60
372;6;70
372;7;80
373;0;10
373;1;10
373;2;10
373;3;10
373;4;10
373;5;10
373;6;10
373;7;10
374;0;80
374;1;70
374;2;60
374;3;50
374;4;40
374;5;30
374;6;20
374;7;10
375;0;10
375;1;10
375;2;10
375;3;10
375;4;10
375;5;10
375;6;10
375;7;10
376;0;10
376;1;20
376;2;30
376;3;40
376;4;50
376;5;60
376;6;70
376;7;80
377;0;80
377;1;70
377;2;60
377;3;50
377;4;40
377;5;30
377;6;20
377;7;10
378;0;80
378;1;70
378;2;60
378;3;50
378;4;40
378;5;30
378;6;20
378;7;10
379;0;10
379;1;10
379;2;10
379;3;10
379;4;10
379;5;10
379;6;10
379;7;10
380;0;80
380;1;70
380;2;60
380;3;50
380;4;40
380;5;30
380;6;20
380;7;10
381;0;10
381;1;10
381;2;10
381;3;10
381;4;10
381;5;10
381;6;10
381;7;10
382;0;80
382;1;70
382;2;60
382;3;50
382;4;40
382;5;30
382;6;20
382;7;10
383;0;80
383;1;70
383;2;60
383;3;50
383;4;40
383;5;30
383;6;20
383;7;10
384;0;10
384;1;10
384;2;10
384;3;10
384;4;10
384;5;10
384;6;10
384;7;10
385;0;80
385;1;70
385;2;60
385;3;50
385;4;40
385;5;30
385;6;20
385;7;10
386;0;10
386;1;20
386;2;30
386;3;40
386;4;50
386;5;60
386;6;70
386;7;80
387;0;80
387;1;70
387;2;60
387;3;50
387;4;40
387;5;30
387;6;20
387;7;10
388;0;10
388;1;10
388;2;10
388;3;10
388;4;10
388;5;10
388;6;10
388;7;10
389;0;10
389;1;20
389;2;30
389;3;40
389;4;50
389;5;60
389;6;70
389;7;80
390;0;10
390;1;20
390;2;30
390;3;40
390;4;50
390;5;60
390;6;70
390;7;80
391;0;80
391;1;70
391;2;60
391;3;50
391;4;40
391;5;30
391;6;20
391;7;10
392;0;80
392;1;70
392;2;60
392;3;50
392;4;40
392;5;30
392;6;20
392;7;10
393;0;10
393;1;20
393;2;30
393;3;40
393;4;50
393;5;60
393;6;70
393;7;80
394;0;80
394;1;70
394;2;60
394;3;50
394;4;40
394;5;30
394;6;20
394;7;10
395;0;10
395;1;10
395;2;10
395;3;10
395;4;10
395;5;10
395;6;10
395;7;10
396;0;10
396;1;10
396;2;10
396;3;10
396;4;10
396;5;10
396;6;10
396;7;10
397;0;10
397;1;10
397;2;10
397;3;10
397;4;10
397;5;10
397;6;10
397;7;10
398;0;10
398;1;10
398;2;10
398;3;10
398;4;10
398;5;10
398;6;10
398;7;10
399;0;80
399;1;70
399;2;60
399;3;50
399;4;40
399;5;30
399;6;20
399;7;10
400;0;10
400;1;10
400;2;10
400;3;10
400;4;10
400;5;10
400;6;10
400;7;10
401;0;10
401;1;10
401;2;10
401;3;10
401;4;10
401;5;10
401;6;10
401;7;10
402;0;80
402;1;70
402;2;60
402;3;50
402;4;40
402;5;30
402;6;20
402;7;10
403;0;80
403;1;70
403;2;60
403;3;50
403;4;40
403;5;30
403;6;20
403;7;10
404;0;10
404;1;20
404;2;30
404;3;40
404;4;50
404;5;60
404;6;70
404;7;80
405;0;10
405;1;20
405;2;30
405;3;40
405;4;50
405;5;60
405;6;70
405;7;80
406;0;10
406;1;10
406;2;10
406;3;10
406;4;10
406;5;10
406;6;10
406;7;10
407;0;10
407;1;20
407;2;30
407;3;40
407;4;50
407;5;60
407;6;70
407;7;80
408;0;80
408;1;70
408;2;60
408;3;50
408;4;40
408;5;30
408;6;20
408;7;10
409;0;10
409;1;10
409;2;10
409;3;10
409;4;10
409;5;10
409;6;10
409;7;10
410;0;10
410;1;20
410;2;30
410;3;40
410;4;50
410;5;60
410;6;70
410;7;80
411;0;80
411;1;70
411;2;60
411;3;50
411;4;40
411;5;30
411;6;20
411;7;10
412;0;10
412;1;20
412;2;30
412;3;40
412;4;50
412;5;60
412;6;70
412;7;80
413;0;10
413;1;10
413;2;10
413;3;10
413;4;10
413;5;10
413;6;10
413;7;10
414;0;10
414;1;10
414;2;10
414;3;10
414;4;10
414;5;10
414;6;10
414;7;10
415;0;10
415;1;10
415;2;10
415;3;10
415;4;10
415;5;10
415;6;10
415;7;10
416;0;10
416;1;20
416;2;30
416;3;40
416;4;50
416;5;60
416;6;70
416;7;80
417;0;80
417;1;70
417;2;60
417;3;50
417;4;40
417;5;30
417;6;20
417;7;10
418;0;10
418;1;10
418;2;10
418;3;10
418;4;10
418;5;10
418;6;10
418;7;10
419;0;10
419;1;10
419;2;10
419;3;10
419;4;10
419;5;10
419;6;10
419;7;10
420;0;10
420;1;10
420;2;10
420;3;10
420;4;10
420;5;10
420;6;10
420;7;10
421;0;80
421;1;70
421;2;60
421;3;50
421;4;40
421;5;30
421;6;20
421;7;10
422;0;10
422;1;10
422;2;10
422;3;10
422;4;10
422;5;10
422;6;10
422;7;10
423;0;80
423;1;70
423;2;60
423;3;50
423;4;40
423;5;30
423;6;20
423;7;10
424;0;80
424;1;70
424;2;60
424;3;50
424;4;40
424;5;30
424;6;20
424;7;10
425;0;80
425;1;70
425;2;60
425;3;50
425;4;40
425;5;30
425;6;20
425;7;10
426;0;80
426;1;70
426;2;60
426;3;50
426;4;40
426;5;30
426;6;20
426;7;10
427;0;80
427;1;70
427;2;60
427;3;50
427;4;40
427;5;30
427;6;20
427;7;10
428;0;80
428;1;70
428;2;60
428;3;50
428;4;40
428;5;30
428;6;20
428;7;10
429;0;80
429;1;70
429;2;60
429;3;50
429;4;40
429;5;30
429;6;20
429;7;10
430;0;10
430;1;10
430;2;10
430;3;10
430;4;10
430;5;10
430;6;10
430;7;10
431;0;10
431;1;10
431;2;10
431;3;10
431;4;10
431;5;10
431;6;10
431;7;10
432;0;10
432;1;10
432;2;10
432;3;10
432;4;10
432;5;10
432;6;10
432;7;10
433;0;10
433;1;10
433;2;10
433;3;10
433;4;10
433;5;10
433;6;10
433;7;10
434;0;10
434;1;10
434;2;10
434;3;10
434;4;10
434;5;10
434;6;10
434;7;10
435;0;80
435;1;70
435;2;60
435;3;50
435;4;40
435;5;30
435;6;20
435;7;10
436;0;10
436;1;20
436;2;30
436;3;40
436;4;50
436;5;60
436;6;70
436;7;80
437;0;10
437;1;20
437;2;30
437;3;40
437;4;50
437;5;60
437;6;70
437;7;80
438;0;10
438;1;10
438;2;10
438;3;10
438;4;10
438;5;10
438;6;10
438;7;10
439;0;10
439;1;20
439;2;30
439;3;40
439;4;50
439;5;60
439;6;70
439;7;80
440;0;10
440;1;10
440;2;10
440;3;10
440;4;10
440;5;10
440;6;10
440;7;10
441;0;10
441;1;10
441;2;10
441;3;10
441;4;10
441;5;10
441;6;10
441;7;10
442;0;10
442;1;10
442;2;10
442;3;10
442;4;10
442;5;10
442;6;10
442;7;10
443;0;10
443;1;10
443;2;10
443;3;10
443;4;10
443;5;10
443;6;10
443;7;10
444;0;10
444;1;20
444;2;30
444;3;40
444;4;50
444;5;60
444;6;70
444;7;80
445;0;10
445;1;10
445;2;10
445;3;10
445;4;10
445;5;10
445;6;10
445;7;10
446;0;80
446;1;70
446;2;60
446;3;50
446;4;40
446;5;30
446;6;20
446;7;10
447;0;10
447;1;20
447;2;30
447;3;40
447;4;50
447;5;60
447;6;70
447;7;80
448;0;10
448;1;20
448;2;30
448;3;40
448;4;50
448;5;60
448;6;70
448;7;80
449;0;80
449;1;70
449;2;60
449;3;50
449;4;40
449;5;30
449;6;20
449;7;10
450;0;10
450;1;10
450;2;10
450;3;10
450;4;10
450;5;10
450;6;10
450;7;10
451;0;10
451;1;20
451;2;30
451;3;40
451;4;50
451;5;60
451;6;70
451;7;80
452;0;80
452;1;70
452;2;60
452;3;50
452;4;40
452;5;30
452;6;20
452;7;10
453;0;80
453;1;70
453;2;60
453;3;50
453;4;40
453;5;30
453;6;20
453;7;10
454;0;80
454;1;70
454;2;60
454;3;50
454;4;40
454;5;30
454;6;20
454;7;10
455;0;80
455;1;70
455;2;60
455;3;50
455;4;40
455;5;30
455;6;20
455;7;10
456;0;10
456;1;10
456;2;10
456;3;10
456;4;10
456;5;10
456;6;10
456;7;10
457;0;10
457;1;20
457;2;30
457;3;40
457;4;50
457;5;60
457;6;70
457;7;80
458;0;10
458;1;10
458;2;10
458;3;10
458;4;10
458;5;10
458;6;10
458;7;10
459;0;80
459;1;70
459;2;60
459;3;50
459;4;40
459;5;30
459;6;20
459;7;10
460;0;10
460;1;20
460;2;30
460;3;40
460;4;50
460;5;60
460;6;70
460;7;80
461;0;10
461;1;10
461;2;10
461;3;10
461;4;10
461;5;10
461;6;10
461;7;10
462;0;10
462;1;10
462;2;10
462;3;10
462;4;10
462;5;10
462;6;10
462;7;10
463;0;10
463;1;10
463;2;10
463;3;10
463;4;10
463;5;10
463;6;10
463;7;10
464;0;10
464;1;20
464;2;30
464;3;40
464;4;50
464;5;60
464;6;70
464;7;80
465;0;10
465;1;20
465;2;30
465;3;40
465;4;50
465;5;60
465;6;70
465;7;80
466;0;80
466;1;70
466;2;60
466;3;50
466;4;40
466;5;30
466;6;20
466;7;10
467;0;10
467;1;10
467;2;10
467;3;10
467;4;10
467;5;10
467;6;10
467;7;10
468;0;10
468;1;20
468;2;30
468;3;40
468;4;50
468;5;60
468;6;70
468;7;80
469;0;10
469;1;20
469;2;30
469;3;40
469;4;50
469;5;60
469;6;70
469;7;80
470;0;10
470;1;20
470;2;30
470;3;40
470;4;50
470;5;60
470;6;70
470;7;80
471;0;10
471;1;20
471;2;30
471;3;40
471;4;50
471;5;60
471;6;70
471;7;80
472;0;10
472;1;10
472;2;10
472;3;10
472;4;10
472;5;10
472;6;10
472;7;10
473;0;10
473;1;10
473;2;10
473;3;10
473;4;10
473;5;10
473;6;10
473;7;10
474;0;10
474;1;20
474;2;30
474;3;40
474;4;50
474;5;60
474;6;70
474;7;80
475;0;10
475;1;10
475;2;10
475;3;10
475;4;10
475;5;10
475;6;10
475;7;10
476;0;10
476;1;20
476;2;30
476;3;40
476;4;50
476;5;60
476;6;70
476;7;80
477;0;10
477;1;20
477;2;30
477;3;40
477;4;50
477;5;60
477;6;70
477;7;80
478;0;10
478;1;20
478;2;30
478;3;40
478;4;50
478;5;60
478;6;70
478;7;80
479;0;10
479;1;10
479;2;10
479;3;10
479;4;10
479;5;10
479;6;10
479;7;10
480;0;10
480;1;10
480;2;10
480;3;10
480;4;10
480;5;10
480;6;10
480;7;10
481;0;80
481;1;70
481;2;60
481;3;50
481;4;40
481;5;30
481;6;20
481;7;10
482;0;10
482;1;20
482;2;30
482;3;40
482;4;50
482;5;60
482;6;70
482;7;80
483;0;10
483;1;20
483;2;30
483;3;40
483;4;50
483;5;60
483;6;70
483;7;80
484;0;10
484;1;10
484;2;10
484;3;10
484;4;10
484;5;10
484;6;10
484;7;10
485;0;80
485;1;70
485;2;60
485;3;50
485;4;40
485;5;30
485;6;20
485;7;10
486;0;10
486;1;20
486;2;30
486;3;40
486;4;50
486;5;60
486;6;70
486;7;80
487;0;80
487;1;70
487;2;60
487;3;50
487;4;40
487;5;30
487;6;20
487;7;10
488;0;10
488;1;20
488;2;30
488;3;40
488;4;50
488;5;60
488;6;70
488;7;80
489;0;80
489;1;70
489;2;60
489;3;50
489;4;40
489;5;30
489;6;20
489;7;10
490;0;80
490;1;70
490;2;60
490;3;50
490;4;40
490;5;30
490;6;20
490;7;10
491;0;80
491;1;70
491;2;60
491;3;50
491;4;40
491;5;30
491;6;20
491;7;10
492;0;10
492;1;10
492;2;10
492;3;10
492;4;10
492;5;10
492;6;10
492;7;10
493;0;10
493;1;10
493;2;10
493;3;10
493;4;10
493;5;10
493;6;10
493;7;10
494;0;80
494;1;70
494;2;60
494;3;50
494;4;40
494;5;30
494;6;20
494;7;10
495;0;10
495;1;20
495;2;30
495;3;40
495;4;50
495;5;60
495;6;70
495;7;80
496;0;10
496;1;10
496;2;10
496;3;10
496;4;10
496;5;10
496;6;10
496;7;10
497;0;80
497;1;70
497;2;60
497;3;50
497;4;40
497;5;30
497;6;20
497;7;10
498;0;10
498;1;10
498;2;10
498;3;10
498;4;10
498;5;10
498;6;10
498;7;10
499;0;10
499;1;20
499;2;30
499;3;40
499;4;50
499;5;60
499;6;70
499;7;80
500;0;10
500;1;10
500;2;10
500;3;10
500;4;10
500;5;10
500;6;10
500;7;10
501;0;80
501;1;70
501;2;60
501;3;50
501;4;40
501;5;30
501;6;20
501;7;10
502;0;10
502;1;20
502;2;30
502;3;40
502;4;50
502;5;60
502;6;70
502;7;80
503;0;10
503;1;20
503;2;30
503;3;40
503;4;50
503;5;60
503;6;70
503;7;80
504;0;10
504;1;10
504;2;10
504;3;10
504;4;10
504;5;10
504;6;10
504;7;10
505;0;10
505;1;20
505;2;30
505;3;40
505;4;50
505;5;60
505;6;70
505;7;80
506;0;10
506;1;10
506;2;10
506;3;10
506;4;10
506;5;10
506;6;10
506;7;10
507;0;80
507;1;70
507;2;60
507;3;50
507;4;40
507;5;30
507;6;20
507;7;10
508;0;10
508;1;10
508;2;10
508;3;10
508;4;10
508;5;10
508;6;10
508;7;10
509;0;80
509;1;70
509;2;60
509;3;50
509;4;40
509;5;30
509;6;20
509;7;10
510;0;80
510;1;70
510;2;60
510;3;50
510;4;40
510;5;30
510;6;20
510;7;10
511;0;80
511;1;70
511;2;60
511;3;50
511;4;40
511;5;30
511;6;20
511;7;10
512;0;10
512;1;10
512;2;10
512;3;10
512;4;10
512;5;10
512;6;10
512;7;10
513;0;10
513;1;10
513;2;10
513;3;10
513;4;10
513;5;10
513;6;10
513;7;10
514;0;10
514;1;20
514;2;30
514;3;40
514;4;50
514;5;60
514;6;70
514;7;80
515;0;10
515;1;20
515;2;30
515;3;40
515;4;50
515;5;60
515;6;70
515;7;80
516;0;80
516;1;70
516;2;60
516;3;50
516;4;40
516;5;30
516;6;20
516;7;10
517;0;10
517;1;10
517;2;10
517;3;10
517;4;10
517;5;10
517;6;10
517;7;10
518;0;10
518;1;10
518;2;10
518;3;10
518;4;10
518;5;10
518;6;10
518;7;10
519;0;10
519;1;20
519;2;30
519;3;40
519;4;50
519;5;60
519;6;70
519;7;80
520;0;80
520;1;70
520;2;60
520;3;50
520;4;40
520;5;30
520;6;20
520;7;10
521;0;10
521;1;10
521;2;10
521;3;10
521;4;10
521;5;10
521;6;10
521;7;10
522;0;80
522;1;70
522;2;60
522;3;50
522;4;40
522;5;30
522;6;20
522;7;10
523;0;10
523;1;10
523;2;10
523;3;10
523;4;10
523;5;10
523;6;10
523;7;10
524;0;80
524;1;70
524;2;60
524;3;50
524;4;40
524;5;30
524;6;20
524;7;10
525;0;10
525;1;20
525;2;30
525;3;40
525;4;50
525;5;60
525;6;70
525;7;80
526;0;80
526;1;70
526;2;60
526;3;50
526;4;40
526;5;30
526;6;20
526;7;10
527;0;10
527;1;10
527;2;10
527;3;10
527;4;10
527;5;10
527;6;10
527;7;10
528;0;10
528;1;20
528;2;30
528;3;40
528;4;50
528;5;60
528;6;70
528;7;80
529;0;10
529;1;10
529;2;10
529;3;10
529;4;10
529;5;10
529;6;10
529;7;10
530;0;10
530;1;20
530;2;30
530;3;40
530;4;50
530;5;60
530;6;70
530;7;80
531;0;10
531;1;10
531;2;10
531;3;10
531;4;10
531;5;10
531;6;10
531;7;10
532;0;80
532;1;70
532;2;60
532;3;50
532;4;40
532;5;30
532;6;20
532;7;10
533;0;10
533;1;20
533;2;30
533;3;40
533;4;50
533;5;60
533;6;70
533;7;80
534;0;80
534;1;70
534;2;60
534;3;50
534;4;40
534;5;30
534;6;20
534;7;10
535;0;10
535;1;10
535;2;10
535;3;10
535;4;10
535;5;10
535;6;10
535;7;10
536;0;10
536;1;20
536;2;30
536;3;40
536;4;50
536;5;60
536;6;70
536;7;80
537;0;10
537;1;10
537;2;10
537;3;10
537;4;10
537;5;10
537;6;10
537;7;10
538;0;10
538;1;20
538;2;30
538;3;40
538;4;50
538;5;60
538;6;70
538;7;80
539;0;80
539;1;70
539;2;60
539;3;50
539;4;40
539;5;30
539;6;20
539;7;10
540;0;10
540;1;20
540;2;30
540;3;40
540;4;50
540;5;60
540;6;70
540;7;80
541;0;10
541;1;10
541;2;10
541;3;10
541;4;10
541;5;10
541;6;10
541;7;10
542;0;10
542;1;10
542;2;10
542;3;10
542;4;10
542;5;10
542;6;10
542;7;10
543;0;10
543;1;10
543;2;10
543;3;10
543;4;10
543;5;10
543;6;10
543;7;10
544;0;10
544;1;20
544;2;30
544;3;40
544;4;50
544;5;60
544;6;70
544;7;80
545;0;10
545;1;20
545;2;30
545;3;40
545;4;50
545;5;60
545;6;70
545;7;80
546;0;10
546;1;20
546;2;30
546;3;40
546;4;50
546;5;60
546;6;70
546;7;80
547;0;80
547;1;70
547;2;60
547;3;50
547;4;40
547;5;30
547;6;20
547;7;10
548;0;80
548;1;70
548;2;60
548;3;50
548;4;40
548;5;30
548;6;20
548;7;10
549;0;80
549;1;70
549;2;60
549;3;50
549;4;40
549;5;30
549;6;20
549;7;10
550;0;80
550;1;70
550;2;60
550;3;50
550;4;40
550;5;30
550;6;20
550;7;10
551;0;80
551;1;70
551;2;60
551;3;50
551;4;40
551;5;30
551;6;20
551;7;10
552;0;10
552;1;20
552;2;30
552;3;40
552;4;50
552;5;60
552;6;70
552;7;80
553;0;10
553;1;10
553;2;10
553;3;10
553;4;10
553;5;10
553;6;10
553;7;10
554;0;80
554;1;70
554;2;60
554;3;50
554;4;40
554;5;30
554;6;20
554;7;10
555;0;10
555;1;20
555;2;30
555;3;40
555;4;50
555;5;60
555;6;70
555;7;80
556;0;10
556;1;20
556;2;30
556;3;40
556;4;50
556;5;60
556;6;70
556;7;80
557;0;10
557;1;20
557;2;30
557;3;40
557;4;50
557;5;60
557;6;70
557;7;80
558;0;10
558;1;20
558;2;30
558;3;40
558;4;50
558;5;60
558;6;70
558;7;80
559;0;10
559;1;10
559;2;10
559;3;10
559;4;10
559;5;10
559;6;10
559;7;10
560;0;10
560;1;10
560;2;10
560;3;10
560;4;10
560;5;10
560;6;10
560;7;10
561;0;10
561;1;10
561;2;10
561;3;10
561;4;10
561;5;10
561;6;10
561;7;10
562;0;10
562;1;20
562;2;30
562;3;40
562;4;50
562;5;60
562;6;70
562;7;80
563;0;10
563;1;10
563;2;10
563;3;10
563;4;10
563;5;10
563;6;10
563;7;10
564;0;80
564;1;70
564;2;60
564;3;50
564;4;40
564;5;30
564;6;20
564;7;10
565;0;10
565;1;10
565;2;10
565;3;10
565;4;10
565;5;10
565;6;10
565;7;10
566;0;10
566;1;10
566;2;10
566;3;10
566;4;10
566;5;10
566;6;10
566;7;10
567;0;80
567;1;70
567;2;60
567;3;50
567;4;40
567;5;30
567;6;20
567;7;10
568;0;80
568;1;70
568;2;60
568;3;50
568;4;40
568;5;30
568;6;20
568;7;10
569;0;10
569;1;20
569;2;30
569;3;40
569;4;50
569;5;60
569;6;70
569;7;80
570;0;80
570;1;70
570;2;60
570;3;50
570;4;40
570;5;30
570;6;20
570;7;10
571;0;10
571;1;10
571;2;10
571;3;10
571;4;10
571;5;10
571;6;10
571;7;10
572;0;80
572;1;70
572;2;60
572;3;50
572;4;40
572;5;30
572;6;20
572;7;10
573;0;10
573;1;20
573;2;30
573;3;40
573;4;50
573;5;60
573;6;70
573;7;80
574;0;80
574;1;70
574;2;60
574;3;50
574;4;40
574;5;30
574;6;20
574;7;10
575;0;10
575;1;20
575;2;30
575;3;40
575;4;50
575;5;60
575;6;70
575;7;80
576;0;10
576;1;20
576;2;30
576;3;40
576;4;50
576;5;60
576;6;70
576;7;80
577;0;80
577;1;70
577;2;60
577;3;50
577;4;40
577;5;30
577;6;20
577;7;10
578;0;10
578;1;20
578;2;30
578;3;40
578;4;50
578;5;60
578;6;70
578;7;80
579;0;10
579;1;20
579;2;30
579;3;40
579;4;50
579;5;60
579;6;70
579;7;80
580;0;10
580;1;20
580;2;30
580;3;40
580;4;50
580;5;60
580;6;70
580;7;80
581;0;10
581;1;10
581;2;10
581;3;10
581;4;10
581;5;10
581;6;10
581;7;10
582;0;10
582;1;10
582;2;10
582;3;10
582;4;10
582;5;10
582;6;10
582;7;10
583;0;10
583;1;20
583;2;30
583;3;40
583;4;50
583;5;60
583;6;70
583;7;80
584;0;10
584;1;10
584;2;10
584;3;10
584;4;10
584;5;10
584;6;10
584;7;10
585;0;10
585;1;20
585;2;30
585;3;40
585;4;50
585;5;60
585;6;70
585;7;80
586;0;10
586;1;20
586;2;30
586;3;40
586;4;50
586;5;60
586;6;70
586;7;80
587;0;80
587;1;70
587;2;60
587;3;50
587;4;40
587;5;30
587;6;20
587;7;10
588;0;80
588;1;70
588;2;60
588;3;50
588;4;40
588;5;30
588;6;20
588;7;10
589;0;10
589;1;10
589;2;10
589;3;10
589;4;10
589;5;10
589;6;10
589;7;10
590;0;80
590;1;70
590;2;60
590;3;50
590;4;40
590;5;30
590;6;20
590;7;10
591;0;10
591;1;20
591;2;30
591;3;40
591;4;50
591;5;60
591;6;70
591;7;80
592;0;10
592;1;10
592;2;10
592;3;10
592;4;10
592;5;10
592;6;10
592;7;10
593;0;10
593;1;10
593;2;10
593;3;10
593;4;10
593;5;10
593;6;10
593;7;10
594;0;80
594;1;70
594;2;60
594;3;50
594;4;40
594;5;30
594;6;20
594;7;10
595;0;80
595;1;70
595;2;60
595;3;50
595;4;40
595;5;30
595;6;20
595;7;10
596;0;10
596;1;20
596;2;30
596;3;40
596;4;50
596;5;60
596;6;70
596;7;80
597;0;10
597;1;10
597;2;10
597;3;10
597;4;10
597;5;10
597;6;10
597;7;10
598;0;10
598;1;20
598;2;30
598;3;40
598;4;50
598;5;60
598;6;70
598;7;80
599;0;10
599;1;20
599;2;30
599;3;40
599;4;50
599;5;60
599;6;70
599;7;80
600;0;10
600;1;10
600;2;10
600;3;10
600;4;10
600;5;10
600;6;10
600;7;10
601;0;10
601;1;10
601;2;10
601;3;10
601;4;10
601;5;10
601;6;10
601;7;10
602;0;10
602;1;10
602;2;10
602;3;10
602;4;10
602;5;10
602;6;10
602;7;10
603;0;10
603;1;10
603;2;10
603;3;10
603;4;10
603;5;10
603;6;10
603;7;10
604;0;10
604;1;20
604;2;30
604;3;40
604;4;50
604;5;60
604;6;70
604;7;80
605;0;80
605;1;70
605;2;60
605;3;50
605;4;40
605;5;30
605;6;20
605;7;10
606;0;80
606;1;70
606;2;60
606;3;50
606;4;40
606;5;30
606;6;20
606;7;10
607;0;10
607;1;20
607;2;30
607;3;40
607;4;50
607;5;60
607;6;70
607;7;80
608;0;80
608;1;70
608;2;60
608;3;50
608;4;40
608;5;30
608;6;20
608;7;10
609;0;10
609;1;20
609;2;30
609;3;40
609;4;50
609;5;60
609;6;70
609;7;80
610;0;80
610;1;70
610;2;60
610;3;50
610;4;40
610;5;30
610;6;20
610;7;10
611;0;80
611;1;70
611;2;60
611;3;50
611;4;40
611;5;30
611;6;20
611;7;10
612;0;80
612;1;70
612;2;60
612;3;50
612;4;40
612;5;30
612;6;20
612;7;10
613;0;10
613;1;20
613;2;30
613;3;40
613;4;50
613;5;60
613;6;70
613;7;80
614;0;10
614;1;10
614;2;10
614;3;10
614;4;10
614;5;10
614;6;10
614;7;10
615;0;10
615;1;20
615;2;30
615;3;40
615;4;50
615;5;60
615;6;70
615;7;80
616;0;10
616;1;20
616;2;30
616;3;40
616;4;50
616;5;60
616;6;70
616;7;80
617;0;10
617;1;20
617;2;30
617;3;40
617;4;50
617;5;60
617;6;70
617;7;80
618;0;10
618;1;20
618;2;30
618;3;40
618;4;50
618;5;60
618;6;70
618;7;80
619;0;10
619;1;10
619;2;10
619;3;10
619;4;10
619;5;10
619;6;10
619;7;10
620;0;10
620;1;10
620;2;10
620;3;10
620;4;10
620;5;10
620;6;10
620;7;10
621;0;10
621;1;10
621;2;10
621;3;10
621;4;10
621;5;10
621;6;10
621;7;10
622;0;10
622;1;20
622;2;30
622;3;40
622;4;50
622;5;60
622;6;70
622;7;80
623;0;10
623;1;20
623;2;30
623;3;40
623;4;50
623;5;60
623;6;70
623;7;80
624;0;10
624;1;20
624;2;30
624;3;40
624;4;50
624;5;60
624;6;70
624;7;80
625;0;10
625;1;20
625;2;30
625;3;40
625;4;50
625;5;60
625;6;70
625;7;80
626;0;10
626;1;10
626;2;10
626;3;10
626;4;10
626;5;10
626;6;10
626;7;10
627;0;10
627;1;10
627;2;10
627;3;10
627;4;10
627;5;10
627;6;10
627;7;10
628;0;10
628;1;20
628;2;30
628;3;40
628;4;50
628;5;60
628;6;70
628;7;80
629;0;10
629;1;10
629;2;10
629;3;10
629;4;10
629;5;10
629;6;10
629;7;10
630;0;10
630;1;10
630;2;10
630;3;10
630;4;10
630;5;10
630;6;10
630;7;10
631;0;10
631;1;10
631;2;10
631;3;10
631;4;10
631;5;10
631;6;10
631;7;10
632;0;80
632;1;70
632;2;60
632;3;50
632;4;40
632;5;30
632;6;20
632;7;10
633;0;80
633;1;70
633;2;60
633;3;50
633;4;40
633;5;30
633;6;20
633;7;10
634;0;10
634;1;10
634;2;10
634;3;10
634;4;10
634;5;10
634;6;10
634;7;10
635;0;10
635;1;10
635;2;10
635;3;10
635;4;10
635;5;10
635;6;10
635;7;10
636;0;80
636;1;70
636;2;60
636;3;50
636;4;40
636;5;30
636;6;20
636;7;10
637;0;10
637;1;10
637;2;10
637;3;10
637;4;10
637;5;10
637;6;10
637;7;10
638;0;10
638;1;10
638;2;10
638;3;10
638;4;10
638;5;10
638;6;10
638;7;10
639;0;10
639;1;20
639;2;30
639;3;40
639;4;50
639;5;60
639;6;70
639;7;80
640;0;10
640;1;20
640;2;30
640;3;40
640;4;50
640;5;60
640;6;70
640;7;80
641;0;80
641;1;70
641;2;60
641;3;50
641;4;40
641;5;30
641;6;20
641;7;10
642;0;10
642;1;20
642;2;30
642;3;40
642;4;50
642;5;60
642;6;70
642;7;80
643;0;80
643;1;70
643;2;60
643;3;50
643;4;40
643;5;30
643;6;20
643;7;10
644;0;10
644;1;20
644;2;30
644;3;40
644;4;50
644;5;60
644;6;70
644;7;80
645;0;10
645;1;10
645;2;10
645;3;10
645;4;10
645;5;10
645;6;10
645;7;10
646;0;10
646;1;20
646;2;30
646;3;40
646;4;50
646;5;60
646;6;70
646;7;80
647;0;80
647;1;70
647;2;60
647;3;50
647;4;40
647;5;30
647;6;20
647;7;10
648;0;10
648;1;20
648;2;30
648;3;40
648;4;50
648;5;60
648;6;70
648;7;80
649;0;80
649;1;70
649;2;60
649;3;50
649;4;40
649;5;30
649;6;20
649;7;10
650;0;10
650;1;20
650;2;30
650;3;40
650;4;50
650;5;60
650;6;70
650;7;80
651;0;10
651;1;20
651;2;30
651;3;40
651;4;50
651;5;60
651;6;70
651;7;80
652;0;80
652;1;70
652;2;60
652;3;50
652;4;40
652;5;30
652;6;20
652;7;10
653;0;10
653;1;10
653;2;10
653;3;10
653;4;10
653;5;10
653;6;10
653;7;10
654;0;80
654;1;70
654;2;60
654;3;50
654;4;40
654;5;30
654;6;20
654;7;10
655;0;10
655;1;10
655;2;10
655;3;10
655;4;10
655;5;10
655;6;10
655;7;10
656;0;10
656;1;20
656;2;30
656;3;40
656;4;50
656;5;60
656;6;70
656;7;80
657;0;10
657;1;20
657;2;30
657;3;40
657;4;50
657;5;60
657;6;70
657;7;80
658;0;10
658;1;10
658;2;10
658;3;10
658;4;10
658;5;10
658;6;10
658;7;10
659;0;10
659;1;20
659;2;30
659;3;40
659;4;50
659;5;60
659;6;70
659;7;80
660;0;80
660;1;70
660;2;60
660;3;50
660;4;40
660;5;30
660;6;20
660;7;10
661;0;10
661;1;10
661;2;10
661;3;10
661;4;10
661;5;10
661;6;10
661;7;10
662;0;10
662;1;20
662;2;30
662;3;40
662;4;50
662;5;60
662;6;70
662;7;80
663;0;10
663;1;20
663;2;30
663;3;40
663;4;50
663;5;60
663;6;70
663;7;80
664;0;80
664;1;70
664;2;60
664;3;50
664;4;40
664;5;30
664;6;20
664;7;10
665;0;80
665;1;70
665;2;60
665;3;50
665;4;40
665;5;30
665;6;20
665;7;10
666;0;80
666;1;70
666;2;60
666;3;50
666;4;40
666;5;30
666;6;20
666;7;10
667;0;80
667;1;70
667;2;60
667;3;50
667;4;40
667;5;30
667;6;20
667;7;10
668;0;10
668;1;10
668;2;10
668;3;10
668;4;10
668;5;10
668;6;10
668;7;10
669;0;10
669;1;10
669;2;10
669;3;10
669;4;10
669;5;10
669;6;10
669;7;10
670;0;80
670;1;70
670;2;60
670;3;50
670;4;40
670;5;30
670;6;20
670;7;10
671;0;10
671;1;10
671;2;10
671;3;10
671;4;10
671;5;10
671;6;10
671;7;10
672;0;10
672;1;20
672;2;30
672;3;40
672;4;50
672;5;60
672;6;70
672;7;80
673;0;10
673;1;10
673;2;10
673;3;10
673;4;10
673;5;10
673;6;10
673;7;10
674;0;10
674;1;20
674;2;30
674;3;40
674;4;50
674;5;60
674;6;70
674;7;80
675;0;10
675;1;20
675;2;30
675;3;40
675;4;50
675;5;60
675;6;70
675;7;80
676;0;10
676;1;20
676;2;30
676;3;40
676;4;50
676;5;60
676;6;70
676;7;80
677;0;80
677;1;70
677;2;60
677;3;50
677;4;40
677;5;30
677;6;20
677;7;10
678;0;10
678;1;20
678;2;30
678;3;40
678;4;50
678;5;60
678;6;70
678;7;80
679;0;10
679;1;10
679;2;10
679;3;10
679;4;10
679;5;10
679;6;10
679;7;10
680;0;10
680;1;10
680;2;10
680;3;10
680;4;10
680;5;10
680;6;10
680;7;10
681;0;10
681;1;20
681;2;30
681;3;40
681;4;50
681;5;60
681;6;70
681;7;80
682;0;10
682;1;10
682;2;10
682;3;10
682;4;10
682;5;10
682;6;10
682;7;10
683;0;10
683;1;10
683;2;10
683;3;10
683;4;10
683;5;10
683;6;10
683;7;10
684;0;10
684;1;20
684;2;30
684;3;40
684;4;50
684;5;60
684;6;70
684;7;80
685;0;80
685;1;70
685;2;60
685;3;50
685;4;40
685;5;30
685;6;20
685;7;10
686;0;10
686;1;20
686;2;30
686;3;40
686;4;50
686;5;60
686;6;70
686;7;80
687;0;10
687;1;10
687;2;10
687;3;10
687;4;10
687;5;10
687;6;10
687;7;10
688;0;10
688;1;20
688;2;30
688;3;40
688;4;50
688;5;60
688;6;70
688;7;80
689;0;80
689;1;70
689;2;60
689;3;50
689;4;40
689;5;30
689;6;20
689;7;10
690;0;10
690;1;10
690;2;10
690;3;10
690;4;10
690;5;10
690;6;10
690;7;10
691;0;80
691;1;70
691;2;60
691;3;50
691;4;40
691;5;30
691;6;20
691;7;10
692;0;10
692;1;20
692;2;30
692;3;40
692;4;50
692;5;60
692;6;70
692;7;80
693;0;10
693;1;20
693;2;30
693;3;40
693;4;50
693;5;60
693;6;70
693;7;80
694;0;10
694;1;20
694;2;30
694;3;40
694;4;50
694;5;60
694;6;70
694;7;80
695;0;10
695;1;20
695;2;30
695;3;40
695;4;50
695;5;60
695;6;70
695;7;80
696;0;80
696;1;70
696;2;60
696;3;50
696;4;40
696;5;30
696;6;20
696;7;10
697;0;10
697;1;10
697;2;10
697;3;10
697;4;10
697;5;10
697;6;10
697;7;10
698;0;10
698;1;20
698;2;30
698;3;40
698;4;50
698;5;60
698;6;70
698;7;80
699;0;80
699;1;70
699;2;60
699;3;50
699;4;40
699;5;30
699;6;20
699;7;10
700;0;10
700;1;10
700;2;10
700;3;10
700;4;10
700;5;10
700;6;10
700;7;10
701;0;10
701;1;10
701;2;10
701;3;10
701;4;10
701;5;10
701;6;10
701;7;10
702;0;10
702;1;10
702;2;10
702;3;10
702;4;10
702;5;10
702;6;10
702;7;10
703;0;80
703;1;70
703;2;60
703;3;50
703;4;40
703;5;30
703;6;20
703;7;10
704;0;80
704;1;70
704;2;60
704;3;50
704;4;40
704;5;30
704;6;20
704;7;10
705;0;10
705;1;20
705;2;30
705;3;40
705;4;50
705;5;60
705;6;70
705;7;80
706;0;80
706;1;70
706;2;60
706;3;50
706;4;40
706;5;30
706;6;20
706;7;10
707;0;80
707;1;70
707;2;60
707;3;50
707;4;40
707;5;30
707;6;20
707;7;10
708;0;10
708;1;10
708;2;10
708;3;10
708;4;10
708;5;10
708;6;10
708;7;10
709;0;80
709;1;70
709;2;60
709;3;50
709;4;40
709;5;30
709;6;20
709;7;10
710;0;10
710;1;20
710;2;30
710;3;40
710;4;50
710;5;60
710;6;70
710;7;80
711;0;10
711;1;10
711;2;10
711;3;10
711;4;10
711;5;10
711;6;10
711;7;10
712;0;10
712;1;10
712;2;10
712;3;10
712;4;10
712;5;10
712;6;10
712;7;10
713;0;10
713;1;20
713;2;30
713;3;40
713;4;50
713;5;60
713;6;70
713;7;80
714;0;80
714;1;70
714;2;60
714;3;50
714;4;40
714;5;30
714;6;20
714;7;10
715;0;10
715;1;20
715;2;30
715;3;40
715;4;50
715;5;60
715;6;70
715;7;80
716;0;80
716;1;70
716;2;60
716;3;50
716;4;40
716;5;30
716;6;20
716;7;10
717;0;10
717;1;20
717;2;30
717;3;40
717;4;50
717;5;60
717;6;70
717;7;80
718;0;80
718;1;70
718;2;60
718;3;50
718;4;40
718;5;30
718;6;20
718;7;10
719;0;80
719;1;70
719;2;60
719;3;50
719;4;40
719;5;30
719;6;20
719;7;10
720;0;80
720;1;70
720;2;60
720;3;50
720;4;40
720;5;30
720;6;20
720;7;10
721;0;80
721;1;70
721;2;60
721;3;50
721;4;40
721;5;30
721;6;20
721;7;10
722;0;10
722;1;20
722;2;30
722;3;40
722;4;50
722;5;60
722;6;70
722;7;80
723;0;10
723;1;20
723;2;30
723;3;40
723;4;50
723;5;60
723;6;70
723;7;80
724;0;10
724;1;10
724;2;10
724;3;10
724;4;10
724;5;10
724;6;10
724;7;10
725;0;10
725;1;20
725;2;30
725;3;40
725;4;50
725;5;60
725;6;70
725;7;80
726;0;80
726;1;70
726;2;60
726;3;50
726;4;40
726;5;30
726;6;20
726;7;10
727;0;80
727;1;70
727;2;60
727;3;50
727;4;40
727;5;30
727;6;20
727;7;10
728;0;10
728;1;10
728;2;10
728;3;10
728;4;10
728;5;10
728;6;10
728;7;10
729;0;10
729;1;10
729;2;10
729;3;10
729;4;10
729;5;10
729;6;10
729;7;10
730;0;10
730;1;20
730;2;30
730;3;40
730;4;50
730;5;60
730;6;70
730;7;80
731;0;10
731;1;10
731;2;10
731;3;10
731;4;10
731;5;10
731;6;10
731;7;10
732;0;10
732;1;10
732;2;10
732;3;10
732;4;10
732;5;10
732;6;10
732;7;10
733;0;10
733;1;20
733;2;30
733;3;40
733;4;50
733;5;60
733;6;70
733;7;80
734;0;10
734;1;20
734;2;30
734;3;40
734;4;50
734;5;60
734;6;70
734;7;80
735;0;10
735;1;10
735;2;10
735;3;10
735;4;10
735;5;10
735;6;10
735;7;10
736;0;10
736;1;10
736;2;10
736;3;10
736;4;10
736;5;10
736;6;10
736;7;10
737;0;80
737;1;70
737;2;60
737;3;50
737;4;40
737;5;30
737;6;20
737;7;10
738;0;80
738;1;70
738;2;60
738;3;50
738;4;40
738;5;30
738;6;20
738;7;10
739;0;80
739;1;70
739;2;60
739;3;50
739;4;40
739;5;30
739;6;20
739;7;10
740;0;10
740;1;20
740;2;30
740;3;40
740;4;50
740;5;60
740;6;70
740;7;80
741;0;10
741;1;20
741;2;30
741;3;40
741;4;50
741;5;60
741;6;70
741;7;80
742;0;10
742;1;20
742;2;30
742;3;40
742;4;50
742;5;60
742;6;70
742;7;80
743;0;10
743;1;10
743;2;10
743;3;10
743;4;10
743;5;10
743;6;10
743;7;10
744;0;10
744;1;10
744;2;10
744;3;10
744;4;10
744;5;10
744;6;10
744;7;10
745;0;10
745;1;20
745;2;30
745;3;40
745;4;50
745;5;60
745;6;70
745;7;80
746;0;80
746;1;70
746;2;60
746;3;50
746;4;40
746;5;30
746;6;20
746;7;10
747;0;10
747;1;10
747;2;10
747;3;10
747;4;10
747;5;10
747;6;10
747;7;10
748;0;10
748;1;20
748;2;30
748;3;40
748;4;50
748;5;60
748;6;70
748;7;80
749;0;80
749;1;70
749;2;60
749;3;50
749;4;40
749;5;30
749;6;20
749;7;10
750;0;10
750;1;10
750;2;10
750;3;10
750;4;10
750;5;10
750;6;10
750;7;10
751;0;10
751;1;20
751;2;30
751;3;40
751;4;50
751;5;60
751;6;70
751;7;80
752;0;10
752;1;20
752;2;30
752;3;40
752;4;50
752;5;60
752;6;70
752;7;80
753;0;80
753;1;70
753;2;60
753;3;50
753;4;40
753;5;30
753;6;20
753;7;10
754;0;10
754;1;20
754;2;30
754;3;40
754;4;50
754;5;60
754;6;70
754;7;80
755;0;80
755;1;70
755;2;60
755;3;50
755;4;40
755;5;30
755;6;20
755;7;10
756;0;80
756;1;70
756;2;60
756;3;50
756;4;40
756;5;30
756;6;20
756;7;10
757;0;10
757;1;10
757;2;10
757;3;10
757;4;10
757;5;10
757;6;10
757;7;10
758;0;10
758;1;20
758;2;30
758;3;40
758;4;50
758;5;60
758;6;70
758;7;80
759;0;80
759;1;70
759;2;60
759;3;50
759;4;40
759;5;30
759;6;20
759;7;10
760;0;80
760;1;70
760;2;60
760;3;50
760;4;40
760;5;30
760;6;20
760;7;10
761;0;10
761;1;10
761;2;10
761;3;10
761;4;10
761;5;10
761;6;10
761;7;10
762;0;80
762;1;70
762;2;60
762;3;50
762;4;40
762;5;30
762;6;20
762;7;10
763;0;10
763;1;20
763;2;30
763;3;40
763;4;50
763;5;60
763;6;70
763;7;80
764;0;80
764;1;70
764;2;60
764;3;50
764;4;40
764;5;30
764;6;20
764;7;10
765;0;80
765;1;70
765;2;60
765;3;50
765;4;40
765;5;30
765;6;20
765;7;10
766;0;10
766;1;20
766;2;30
766;3;40
766;4;50
766;5;60
766;6;70
766;7;80
767;0;10
767;1;20
767;2;30
767;3;40
767;4;50
767;5;60
767;6;70
767;7;80
768;0;80
768;1;70
768;2;60
768;3;50
768;4;40
768;5;30
768;6;20
768;7;10
769;0;10
769;1;10
769;2;10
769;3;10
769;4;10
769;5;10
769;6;10
769;7;10
770;0;80
770;1;70
770;2;60
770;3;50
770;4;40
770;5;30
770;6;20
770;7;10
771;0;10
771;1;10
771;2;10
771;3;10
771;4;10
771;5;10
771;6;10
771;7;10
772;0;10
772;1;20
772;2;30
772;3;40
772;4;50
772;5;60
772;6;70
772;7;80
773;0;10
773;1;20
773;2;30
773;3;40
773;4;50
773;5;60
773;6;70
773;7;80
774;0;80
774;1;70
774;2;60
774;3;50
774;4;40
774;5;30
774;6;20
774;7;10
775;0;10
775;1;20
775;2;30
775;3;40
775;4;50
775;5;60
775;6;70
775;7;80
776;0;10
776;1;20
776;2;30
776;3;40
776;4;50
776;5;60
776;6;70
776;7;80
777;0;10
777;1;20
777;2;30
777;3;40
777;4;50
777;5;60
777;6;70
777;7;80
778;0;10
778;1;20
778;2;30
778;3;40
778;4;50
778;5;60
778;6;70
778;7;80
779;0;10
779;1;10
779;2;10
779;3;10
779;4;10
779;5;10
779;6;10
779;7;10
780;0;10
780;1;20
780;2;30
780;3;40
780;4;50
780;5;60
780;6;70
780;7;80
781;0;80
781;1;70
781;2;60
781;3;50
781;4;40
781;5;30
781;6;20
781;7;10
782;0;10
782;1;20
782;2;30
782;3;40
782;4;50
782;5;60
782;6;70
782;7;80
783;0;10
783;1;10
783;2;10
783;3;10
783;4;10
783;5;10
783;6;10
783;7;10
784;0;10
784;1;20
784;2;30
784;3;40
784;4;50
784;5;60
784;6;70
784;7;80
785;0;10
785;1;10
785;2;10
785;3;10
785;4;10
785;5;10
785;6;10
785;7;10
786;0;80
786;1;70
786;2;60
786;3;50
786;4;40
786;5;30
786;6;20
786;7;10
787;0;10
787;1;20
787;2;30
787;3;40
787;4;50
787;5;60
787;6;70
787;7;80
788;0;10
788;1;20
788;2;30
788;3;40
788;4;50
788;5;60
788;6;70
788;7;80
789;0;10
789;1;20
789;2;30
789;3;40
789;4;50
789;5;60
789;6;70
789;7;80
790;0;80
790;1;70
790;2;60
790;3;50
790;4;40
790;5;30
790;6;20
790;7;10
791;0;80
791;1;70
791;2;60
791;3;50
791;4;40
791;5;30
791;6;20
791;7;10
792;0;80
792;1;70
792;2;60
792;3;50
792;4;40
792;5;30
792;6;20
792;7;10
793;0;10
793;1;10
793;2;10
793;3;10
793;4;10
793;5;10
793;6;10
793;7;10
794;0;10
794;1;20
794;2;30
794;3;40
794;4;50
794;5;60
794;6;70
794;7;80
795;0;10
795;1;20
795;2;30
795;3;40
795;4;50
795;5;60
795;6;70
795;7;80
796;0;10
796;1;10
796;2;10
796;3;10
796;4;10
796;5;10
796;6;10
796;7;10
797;0;10
797;1;10
797;2;10
797;3;10
797;4;10
797;5;10
797;6;10
797;7;10
798;0;10
798;1;10
798;2;10
798;3;10
798;4;10
798;5;10
798;6;10
798;7;10
799;0;10
799;1;20
799;2;30
799;3;40
799;4;50
799;5;60
799;6;70
799;7;80
800;0;10
800;1;10
800;2;10
800;3;10
800;4;10
800;5;10
800;6;10
800;7;10
801;0;10
801;1;10
801;2;10
801;3;10
801;4;10
801;5;10
801;6;10
801;7;10
802;0;10
802;1;20
802;2;30
802;3;40
802;4;50
802;5;60
802;6;70
802;7;80
803;0;10
803;1;10
803;2;10
803;3;10
803;4;10
803;5;10
803;6;10
803;7;10
804;0;10
804;1;10
804;2;10
804;3;10
804;4;10
804;5;10
804;6;10
804;7;10
805;0;10
805;1;20
805;2;30
805;3;40
805;4;50
805;5;60
805;6;70
805;7;80
806;0;10
806;1;10
806;2;10
806;3;10
806;4;10
806;5;10
806;6;10
806;7;10
807;0;10
807;1;10
807;2;10
807;3;10
807;4;10
807;5;10
807;6;10
807;7;10
808;0;10
808;1;20
808;2;30
808;3;40
808;4;50
808;5;60
808;6;70
808;7;80
809;0;10
809;1;10
809;2;10
809;3;10
809;4;10
809;5;10
809;6;10
809;7;10
810;0;10
810;1;10
810;2;10
810;3;10
810;4;10
810;5;10
810;6;10
810;7;10
811;0;80
811;1;70
811;2;60
811;3;50
811;4;40
811;5;30
811;6;20
811;7;10
812;0;10
812;1;20
812;2;30
812;3;40
812;4;50
812;5;60
812;6;70
812;7;80
813;0;80
813;1;70
813;2;60
813;3;50
813;4;40
813;5;30
813;6;20
813;7;10
814;0;10
814;1;10
814;2;10
814;3;10
814;4;10
814;5;10
814;6;10
814;7;10
815;0;10
815;1;10
815;2;10
815;3;10
815;4;10
815;5;10
815;6;10
815;7;10
816;0;10
816;1;10
816;2;10
816;3;10
816;4;10
816;5;10
816;6;10
816;7;10
817;0;10
817;1;20
817;2;30
817;3;40
817;4;50
817;5;60
817;6;70
817;7;80
818;0;10
818;1;10
818;2;10
818;3;10
818;4;10
818;5;10
818;6;10
818;7;10
819;0;10
819;1;10
819;2;10
819;3;10
819;4;10
819;5;10
819;6;10
819;7;10
820;0;10
820;1;20
820;2;30
820;3;40
820;4;50
820;5;60
820;6;70
820;7;80
821;0;80
821;1;70
821;2;60
821;3;50
821;4;40
821;5;30
821;6;20
821;7;10
822;0;10
822;1;20
822;2;30
822;3;40
822;4;50
822;5;60
822;6;70
822;7;80
823;0;80
823;1;70
823;2;60
823;3;50
823;4;40
823;5;30
823;6;20
823;7;10
824;0;10
824;1;10
824;2;10
824;3;10
824;4;10
824;5;10
824;6;10
824;7;10
825;0;10
825;1;20
825;2;30
825;3;40
825;4;50
825;5;60
825;6;70
825;7;80
826;0;80
826;1;70
826;2;60
826;3;50
826;4;40
826;5;30
826;6;20
826;7;10
827;0;10
827;1;10
827;2;10
827;3;10
827;4;10
827;5;10
827;6;10
827;7;10
828;0;10
828;1;10
828;2;10
828;3;10
828;4;10
828;5;10
828;6;10
828;7;10
829;0;10
829;1;20
829;2;30
829;3;40
829;4;50
829;5;60
829;6;70
829;7;80
830;0;80
830;1;70
830;2;60
830;3;50
830;4;40
830;5;30
830;6;20
830;7;10
831;0;10
831;1;20
831;2;30
831;3;40
831;4;50
831;5;60
831;6;70
831;7;80
832;0;10
832;1;10
832;2;10
832;3;10
832;4;10
832;5;10
832;6;10
832;7;10
833;0;10
833;1;10
833;2;10
833;3;10
833;4;10
833;5;10
833;6;10
833;7;10
834;0;10
834;1;20
834;2;30
834;3;40
834;4;50
834;5;60
834;6;70
834;7;80
835;0;80
835;1;70
835;2;60
835;3;50
835;4;40
835;5;30
835;6;20
835;7;10
836;0;10
836;1;10
836;2;10
836;3;10
836;4;10
836;5;10
836;6;10
836;7;10
837;0;10
837;1;20
837;2;30
837;3;40
837;4;50
837;5;60
837;6;70
837;7;80
838;0;10
838;1;10
838;2;10
838;3;10
838;4;10
838;5;10
838;6;10
838;7;10
839;0;10
839;1;10
839;2;10
839;3;10
839;4;10
839;5;10
839;6;10
839;7;10
840;0;10
840;1;20
840;2;30
840;3;40
840;4;50
840;5;60
840;6;70
840;7;80
841;0;10
841;1;10
841;2;10
841;3;10
841;4;10
841;5;10
841;6;10
841;7;10
842;0;10
842;1;20
842;2;30
842;3;40
842;4;50
842;5;60
842;6;70
842;7;80
843;0;80
843;1;70
843;2;60
843;3;50
843;4;40
843;5;30
843;6;20
843;7;10
844;0;80
844;1;70
844;2;60
844;3;50
844;4;40
844;5;30
844;6;20
844;7;10
845;0;10
845;1;20
845;2;30
845;3;40
845;4;50
845;5;60
845;6;70
845;7;80
846;0;80
846;1;70
846;2;60
846;3;50
846;4;40
846;5;30
846;6;20
846;7;10
847;0;10
847;1;20
847;2;30
847;3;40
847;4;50
847;5;60
847;6;70
847;7;80
848;0;10
848;1;10
848;2;10
848;3;10
848;4;10
848;5;10
848;6;10
848;7;10
849;0;80
849;1;70
849;2;60
849;3;50
849;4;40
849;5;30
849;6;20
849;7;10
850;0;10
850;1;10
850;2;10
850;3;10
850;4;10
850;5;10
850;6;10
850;7;10
851;0;10
851;1;20
851;2;30
851;3;40
851;4;50
851;5;60
851;6;70
851;7;80
852;0;80
852;1;70
852;2;60
852;3;50
852;4;40
852;5;30
852;6;20
852;7;10
853;0;80
853;1;70
853;2;60
853;3;50
853;4;40
853;5;30
853;6;20
853;7;10
854;0;80
854;1;70
854;2;60
854;3;50
854;4;40
854;5;30
854;6;20
854;7;10
855;0;10
855;1;20
855;2;30
855;3;40
855;4;50
855;5;60
855;6;70
855;7;80
856;0;10
856;1;20
856;2;30
856;3;40
856;4;50
856;5;60
856;6;70
856;7;80
857;0;10
857;1;10
857;2;10
857;3;10
857;4;10
857;5;10
857;6;10
857;7;10
858;0;10
858;1;20
858;2;30
858;3;40
858;4;50
858;5;60
858;6;70
858;7;80
859;0;10
859;1;20
859;2;30
859;3;40
859;4;50
859;5;60
859;6;70
859;7;80
860;0;10
860;1;20
860;2;30
860;3;40
860;4;50
860;5;60
860;6;70
860;7;80
