600;300;1412
0;0;10
1;0;70
1;1;70
1;3;50
2;0;70
2;4;70
2;6;100
3;1;100
3;2;10
3;3;10
3;7;50
3;9;70
4;2;70
4;3;10
4;10;50
4;12;100
5;2;50
5;3;100
5;13;100
5;15;100
6;4;10
6;5;70
6;6;70
6;16;100
6;18;70
7;5;50
7;6;100
7;19;50
7;21;70
8;5;70
8;6;70
8;22;50
8;24;50
9;7;100
9;8;70
9;9;10
9;25;10
9;27;100
10;8;50
10;9;50
10;28;10
10;30;70
11;8;70
11;9;70
11;31;70
11;33;10
12;8;50
12;9;10
12;34;10
12;36;70
13;10;50
13;11;70
13;12;70
13;37;10
13;39;70
14;11;100
14;12;70
14;40;70
14;42;100
15;11;100
15;12;70
15;43;70
15;45;50
16;11;50
16;12;50
16;46;100
16;48;50
17;13;50
17;14;100
17;15;10
17;49;70
17;51;100
18;14;70
18;15;10
18;52;70
18;54;50
19;14;50
19;15;50
19;55;50
19;57;100
20;14;50
20;15;70
20;58;10
20;60;70
21;16;10
21;17;100
21;18;50
21;61;100
21;63;70
22;17;10
22;18;100
22;64;70
22;66;10
23;17;100
23;18;100
23;67;100
23;69;70
24;17;70
24;18;100
24;70;50
24;72;70
25;19;70
25;20;50
25;21;100
25;73;70
25;75;70
26;20;50
26;21;100
26;76;70
26;78;10
27;20;10
27;21;70
27;79;100
27;81;50
28;20;100
28;21;100
28;82;50
28;84;100
29;22;100
29;23;100
29;24;10
29;85;10
29;87;70
30;23;10
30;24;50
30;88;50
30;90;50
31;23;100
31;24;100
31;91;70
31;93;70
32;23;70
32;24;10
32;94;10
32;96;50
33;25;50
33;26;50
33;27;50
33;97;10
33;99;50
34;26;70
34;27;50
34;100;100
34;102;10
35;26;50
35;27;100
35;103;100
35;105;10
36;26;70
36;27;50
36;106;70
36;108;50
37;26;100
37;27;10
37;109;70
37;111;10
38;28;10
38;29;50
38;30;100
38;112;10
38;114;50
39;29;10
39;30;50
39;115;70
39;117;70
40;29;50
40;30;10
40;118;100
40;120;100
41;29;50
41;30;50
41;121;50
41;123;100
42;29;70
42;30;70
42;124;70
42;126;70
43;31;100
43;32;10
43;33;10
43;127;50
43;129;100
44;32;100
44;33;10
44;130;10
44;132;100
45;32;50
45;33;70
45;133;100
45;135;70
46;32;70
46;33;70
46;136;100
46;138;50
47;32;10
47;33;10
47;139;100
47;141;10
48;34;70
48;35;70
48;36;70
48;142;50
48;144;10
49;35;50
49;36;50
49;145;50
49;147;50
50;35;100
50;36;50
50;148;70
50;150;10
51;35;50
51;36;70
51;151;50
51;153;70
52;35;70
52;36;70
52;154;50
52;156;10
53;37;10
53;38;10
53;39;70
53;157;70
53;159;10
54;38;100
54;39;100
54;160;100
54;162;10
55;38;100
55;39;100
55;163;10
55;165;100
56;38;70
56;39;70
56;166;100
56;168;50
57;38;10
57;39;50
57;169;50
57;171;10
58;40;70
58;41;10
58;42;100
58;172;70
58;174;10
59;41;70
59;42;100
59;175;70
59;177;100
60;41;50
60;42;10
60;178;100
60;180;70
61;41;70
61;42;50
61;181;70
61;183;10
62;41;100
62;42;70
62;184;100
62;186;50
63;43;10
63;44;10
63;45;50
63;187;50
63;189;10
64;44;70
64;45;10
64;190;70
64;192;100
65;44;10
65;45;10
65;193;50
65;195;70
66;44;70
66;45;10
66;196;50
66;198;70
67;44;100
67;45;10
67;199;50
67;201;70
68;46;50
68;47;70
68;48;70
68;202;50
68;204;50
69;47;70
69;48;70
69;205;70
69;207;70
70;47;50
70;48;70
70;208;50
70;210;50
71;47;50
71;48;70
71;211;50
71;213;100
72;47;100
72;48;10
72;214;10
72;216;100
73;49;50
73;50;100
73;51;50
73;217;10
73;219;100
74;50;50
74;51;100
74;220;10
74;222;70
75;50;70
75;51;10
75;223;50
75;225;70
76;50;70
76;51;50
76;226;70
76;228;70
77;50;50
77;51;100
77;229;10
77;231;70
78;52;70
78;53;70
78;54;100
78;232;70
78;234;70
79;53;10
79;54;10
79;235;10
79;237;100
80;53;100
80;54;10
80;238;10
80;240;100
81;53;50
81;54;100
81;241;70
81;243;100
82;53;70
82;54;70
82;244;10
82;246;50
83;55;70
83;56;100
83;57;70
83;247;70
83;249;100
84;56;50
84;57;100
84;250;70
84;252;50
85;56;100
85;57;10
85;253;70
85;255;10
86;56;100
86;57;100
86;256;100
86;258;50
87;56;10
87;57;100
87;259;50
87;261;10
88;58;50
88;59;10
88;60;70
88;262;100
88;264;10
89;59;50
89;60;10
89;265;10
89;267;50
90;59;10
90;60;100
90;268;50
90;270;100
91;59;10
91;60;50
91;271;50
91;273;50
92;59;70
92;60;100
92;274;70
92;276;70
93;61;100
93;62;10
93;63;70
93;277;70
93;279;100
94;62;70
94;63;50
94;280;50
94;282;50
95;62;10
95;63;70
95;283;50
95;285;70
96;62;50
96;63;100
96;286;10
96;288;70
97;62;10
97;63;50
97;289;10
97;291;70
98;64;50
98;65;70
98;66;100
98;292;50
98;294;10
99;65;50
99;66;10
99;295;10
99;297;50
100;65;50
100;66;100
100;298;70
101;65;70
101;66;70
102;65;70
102;66;100
103;67;50
103;68;70
103;69;10
104;68;100
104;69;100
105;68;100
105;69;70
106;68;100
106;69;50
107;68;10
107;69;100
108;70;70
108;71;100
108;72;50
109;71;100
109;72;50
110;71;10
110;72;70
111;71;70
111;72;100
112;71;70
112;72;10
113;73;100
113;74;10
113;75;100
114;74;70
114;75;10
115;74;100
115;75;50
116;74;50
116;75;50
117;74;100
117;75;10
118;76;10
118;77;50
118;78;70
119;77;50
119;78;100
120;77;100
120;78;10
121;77;10
121;78;70
122;77;10
122;78;70
123;79;10
123;80;70
123;81;50
124;80;70
124;81;70
125;80;100
125;81;70
126;80;50
126;81;50
127;80;10
127;81;70
128;82;100
128;83;10
128;84;70
129;83;10
129;84;50
130;83;100
130;84;70
131;83;10
131;84;10
132;83;100
132;84;100
133;85;10
133;86;70
133;87;70
134;86;50
134;87;70
135;86;70
135;87;100
136;86;50
136;87;10
137;86;100
137;87;70
138;88;10
138;89;70
138;90;50
139;89;70
139;90;70
140;89;100
140;90;50
141;89;10
141;90;100
142;89;10
142;90;100
143;91;10
143;92;10
143;93;70
144;92;100
144;93;70
145;92;100
145;93;100
146;92;100
146;93;70
147;92;100
147;93;50
148;94;100
148;95;50
148;96;100
149;95;100
149;96;70
150;95;100
150;96;100
151;95;100
151;96;50
152;95;50
152;96;100
153;97;50
153;98;70
153;99;50
154;98;100
154;99;70
155;98;50
155;99;70
156;98;70
156;99;50
157;98;100
157;99;100
158;98;100
158;99;10
159;100;10
159;101;100
159;102;10
160;101;100
160;102;50
161;101;10
161;102;50
162;101;10
162;102;70
163;101;70
163;102;70
164;101;10
164;102;50
165;103;70
165;104;10
165;105;100
166;104;70
166;105;70
167;104;70
167;105;70
168;104;100
168;105;10
169;104;100
169;105;50
170;104;70
170;105;100
171;106;70
171;107;100
171;108;70
172;107;50
172;108;10
173;107;70
173;108;70
174;107;70
174;108;100
175;107;70
175;108;100
176;107;100
176;108;10
177;109;50
177;110;70
177;111;50
178;110;10
178;111;10
179;110;50
179;111;100
180;110;70
180;111;10
181;110;10
181;111;10
182;110;50
182;111;50
183;112;100
183;113;70
183;114;50
184;113;100
184;114;10
185;113;50
185;114;100
186;113;50
186;114;100
187;113;10
187;114;100
188;113;100
188;114;10
189;115;10
189;116;100
189;117;50
190;116;50
190;117;10
191;116;10
191;117;70
192;116;50
192;117;100
193;116;10
193;117;100
194;116;10
194;117;50
195;118;10
195;119;10
195;120;10
196;119;10
196;120;100
197;119;50
197;120;100
198;119;100
198;120;70
199;119;10
199;120;70
200;119;50
200;120;50
201;121;50
201;122;50
201;123;50
202;122;10
202;123;10
203;122;10
203;123;100
204;122;70
204;123;100
205;122;70
205;123;70
206;122;10
206;123;70
207;124;10
207;125;50
207;126;10
208;125;70
208;126;100
209;125;100
209;126;70
210;125;100
210;126;50
211;125;10
211;126;70
212;125;70
212;126;100
213;127;10
213;128;10
213;129;100
214;128;100
214;129;100
215;128;100
215;129;70
216;128;10
216;129;10
217;128;70
217;129;100
218;128;100
218;129;10
219;130;70
219;131;100
219;132;100
220;131;50
220;132;100
221;131;10
221;132;10
222;131;50
222;132;50
223;131;100
223;132;50
224;131;70
224;132;100
225;133;10
225;134;50
225;135;50
226;134;70
226;135;50
227;134;50
227;135;10
228;134;10
228;135;70
229;134;50
229;135;50
230;134;10
230;135;10
231;136;10
231;137;50
231;138;70
232;137;10
232;138;70
233;137;10
233;138;70
234;137;100
234;138;50
235;137;50
235;138;50
236;137;100
236;138;10
237;139;70
237;140;50
237;141;50
238;140;10
238;141;70
239;140;50
239;141;50
240;140;70
240;141;70
241;140;100
241;141;10
242;140;10
242;141;70
243;142;70
243;143;70
243;144;70
244;143;100
244;144;50
245;143;10
245;144;100
246;143;50
246;144;70
247;143;100
247;144;50
248;143;100
248;144;100
249;145;100
249;146;70
249;147;10
250;146;100
250;147;50
251;146;50
251;147;10
252;146;70
252;147;70
253;146;10
253;147;100
254;146;70
254;147;10
255;148;70
255;149;10
255;150;100
256;149;100
256;150;10
257;149;10
257;150;70
258;149;100
258;150;50
259;149;70
259;150;100
260;149;70
260;150;10
261;151;100
261;152;10
261;153;70
262;152;50
262;153;70
263;152;10
263;153;100
264;152;10
264;153;100
265;152;50
265;153;100
266;152;10
266;153;100
267;154;10
267;155;10
267;156;10
268;155;100
268;156;50
269;155;10
269;156;50
270;155;50
270;156;100
271;155;50
271;156;50
272;155;10
272;156;70
273;157;100
273;158;10
273;159;50
274;158;10
274;159;70
275;158;10
275;159;50
276;158;10
276;159;70
277;158;50
277;159;70
278;158;50
278;159;100
279;160;100
279;161;100
279;162;70
280;161;70
280;162;70
281;161;50
281;162;70
282;161;100
282;162;100
283;161;70
283;162;10
284;161;100
284;162;10
285;163;70
285;164;70
285;165;10
286;164;10
286;165;100
287;164;10
287;165;10
288;164;50
288;165;100
289;164;100
289;165;100
290;164;10
290;165;100
291;166;70
291;167;50
291;168;50
292;167;70
292;168;10
293;167;50
293;168;100
294;167;100
294;168;70
295;167;100
295;168;70
296;167;70
296;168;100
297;169;70
297;170;100
297;171;50
298;170;50
298;171;100
299;170;100
299;171;50
300;170;10
300;171;70
301;170;10
301;171;50
302;170;10
302;171;100
303;172;70
303;173;70
303;174;50
304;173;100
304;174;100
305;173;70
305;174;70
306;173;100
306;174;70
307;173;100
307;174;100
308;173;10
308;174;50
309;175;10
309;176;70
309;177;70
310;176;100
310;177;50
311;176;50
311;177;70
312;176;100
312;177;100
313;176;10
313;177;50
314;176;50
314;177;100
315;178;10
315;179;50
315;180;50
316;179;10
316;180;50
317;179;100
317;180;10
318;179;50
318;180;10
319;179;50
319;180;50
320;179;100
320;180;50
321;181;100
321;182;100
321;183;50
322;182;50
322;183;10
323;182;50
323;183;70
324;182;50
324;183;70
325;182;10
325;183;100
326;182;50
326;183;10
327;184;50
327;185;10
327;186;10
328;185;70
328;186;10
329;185;70
329;186;10
330;185;10
330;186;70
331;185;70
331;186;70
332;185;10
332;186;70
333;187;10
333;188;100
333;189;70
334;188;50
334;189;10
335;188;70
335;189;70
336;188;70
336;189;100
337;188;100
337;189;50
338;188;10
338;189;50
339;190;100
339;191;70
339;192;70
340;191;100
340;192;100
341;191;100
341;192;50
342;191;50
342;192;50
343;191;50
343;192;70
344;191;100
344;192;100
345;193;10
345;194;10
345;195;50
346;194;10
346;195;50
347;194;100
347;195;70
348;194;50
348;195;100
349;194;10
349;195;10
350;194;50
350;195;100
351;196;100
351;197;50
351;198;50
352;197;100
352;198;100
353;197;10
353;198;10
354;197;70
354;198;70
355;197;70
355;198;50
356;197;10
356;198;70
357;199;70
357;200;70
357;201;100
358;200;70
358;201;50
359;200;10
359;201;100
360;200;100
360;201;10
361;200;50
361;201;100
362;200;50
362;201;100
363;202;10
363;203;50
363;204;50
364;203;70
364;204;50
365;203;100
365;204;100
366;203;50
366;204;50
367;203;50
367;204;10
368;203;70
368;204;100
369;205;70
369;206;70
369;207;10
370;206;70
370;207;70
371;206;70
371;207;50
372;206;10
372;207;70
373;206;70
373;207;70
374;206;100
374;207;50
375;208;10
375;209;70
375;210;10
376;209;100
376;210;50
377;209;10
377;210;50
378;209;100
378;210;70
379;209;50
379;210;10
380;209;50
380;210;100
381;211;70
381;212;100
381;213;50
382;212;70
382;213;100
383;212;100
383;213;70
384;212;70
384;213;100
385;212;10
385;213;10
386;212;100
386;213;100
387;214;100
387;215;100
387;216;10
388;215;50
388;216;100
389;215;70
389;216;50
390;215;100
390;216;10
391;215;70
391;216;50
392;215;70
392;216;70
393;217;50
393;218;70
393;219;50
394;218;70
394;219;10
395;218;10
395;219;50
396;218;100
396;219;70
397;218;100
397;219;100
398;218;70
398;219;50
399;220;100
399;221;70
399;222;50
400;221;50
400;222;50
401;221;100
401;222;50
402;221;100
402;222;70
403;221;10
403;222;70
404;221;10
404;222;100
405;223;100
405;224;100
405;225;100
406;224;100
406;225;100
407;224;10
407;225;10
408;224;50
408;225;100
409;224;50
409;225;10
410;224;100
410;225;100
411;226;70
411;227;10
411;228;10
412;227;10
412;228;50
413;227;10
413;228;50
414;227;100
414;228;10
415;227;100
415;228;100
416;227;100
416;228;70
417;229;50
417;230;100
417;231;100
418;230;100
418;231;100
419;230;10
419;231;70
420;230;100
420;231;50
421;230;50
421;231;100
422;230;10
422;231;50
423;232;50
423;233;70
423;234;50
424;233;10
424;234;70
425;233;100
425;234;10
426;233;70
426;234;10
427;233;100
427;234;70
428;233;50
428;234;70
429;235;100
429;236;10
429;237;100
430;236;10
430;237;100
431;236;10
431;237;50
432;236;100
432;237;100
433;236;50
433;237;50
434;236;70
434;237;50
435;238;100
435;239;100
435;240;100
436;239;70
436;240;50
437;239;70
437;240;10
438;239;50
438;240;50
439;239;10
439;240;100
440;239;10
440;240;100
441;241;50
441;242;70
441;243;50
442;242;70
442;243;70
443;242;50
443;243;50
444;242;70
444;243;70
445;242;50
445;243;10
446;242;10
446;243;10
447;244;50
447;245;50
447;246;100
448;245;10
448;246;70
449;245;70
449;246;10
450;245;100
450;246;70
451;245;50
451;246;10
452;245;10
452;246;50
453;247;100
453;248;70
453;249;70
454;248;10
454;249;50
455;248;100
455;249;100
456;248;70
456;249;70
457;248;70
457;249;10
458;248;100
458;249;70
459;250;70
459;251;70
459;252;50
460;251;50
460;252;70
461;251;100
461;252;10
462;251;70
462;252;10
463;251;70
463;252;100
464;251;50
464;252;100
465;253;50
465;254;10
465;255;10
466;254;50
466;255;70
467;254;100
467;255;50
468;254;50
468;255;50
469;254;70
469;255;10
470;254;70
470;255;10
471;256;50
471;257;70
471;258;100
472;257;100
472;258;100
473;257;100
473;258;70
474;257;10
474;258;10
475;257;50
475;258;70
476;257;10
476;258;10
477;259;50
477;260;100
477;261;50
478;260;50
478;261;50
479;260;10
479;261;10
480;260;70
480;261;70
481;260;10
481;261;100
482;260;10
482;261;50
483;262;10
483;263;50
483;264;10
484;263;10
484;264;50
485;263;70
485;264;10
486;263;50
486;264;50
487;263;50
487;264;100
488;263;50
488;264;100
489;265;100
489;266;100
489;267;100
490;266;50
490;267;50
491;266;10
491;267;100
492;266;10
492;267;10
493;266;50
493;267;100
494;266;50
494;267;10
495;268;50
495;269;50
495;270;50
496;269;50
496;270;100
497;269;70
497;270;10
498;269;70
498;270;70
499;269;70
499;270;70
500;269;100
500;270;70
501;271;50
501;272;100
501;273;70
502;272;100
502;273;100
503;272;10
503;273;100
504;272;70
504;273;10
505;272;100
505;273;70
506;272;100
506;273;100
507;274;10
507;275;100
507;276;10
508;275;70
508;276;10
509;275;70
509;276;10
510;275;100
510;276;10
511;275;70
511;276;100
512;275;10
512;276;100
513;277;70
513;278;70
513;279;100
514;278;10
514;279;50
515;278;70
515;279;100
516;278;50
516;279;10
517;278;50
517;279;70
518;278;70
518;279;70
519;280;10
519;281;100
519;282;100
520;281;70
520;282;100
521;281;100
521;282;100
522;281;70
522;282;70
523;281;10
523;282;70
524;281;50
524;282;10
525;283;100
525;284;100
525;285;50
526;284;50
526;285;10
527;284;100
527;285;10
528;284;70
528;285;100
529;284;50
529;285;10
530;284;10
530;285;70
531;286;50
531;287;100
531;288;50
532;287;100
532;288;10
533;287;50
533;288;70
534;287;100
534;288;50
535;287;50
535;288;100
536;287;10
536;288;70
537;289;100
537;290;10
537;291;50
538;290;100
538;291;50
539;290;70
539;291;100
540;290;100
540;291;10
541;290;70
541;291;50
542;290;70
542;291;10
543;292;10
543;293;10
543;294;10
544;293;50
544;294;70
545;293;100
545;294;10
546;293;10
546;294;10
547;293;10
547;294;70
548;293;50
548;294;50
549;295;100
549;296;100
549;297;10
550;296;70
550;297;10
551;296;50
551;297;70
552;296;70
552;297;10
553;296;100
553;297;50
554;296;10
554;297;10
555;298;50
555;299;10
556;299;70
557;299;50
558;299;100
559;299;50
560;299;100
0;0;10
0;1;10
0;2;10
0;3;10
0;4;10
0;5;10
0;6;10
0;7;10
1;0;10
1;1;10
1;2;10
1;3;10
1;4;10
1;5;10
1;6;10
1;7;10
2;0;10
2;1;20
2;2;30
2;3;40
2;4;50
2;5;60
2;6;70
2;7;80
3;0;10
3;1;10
3;2;10
3;3;10
3;4;10
3;5;10
3;6;10
3;7;10
4;0;10
4;1;20
4;2;30
4;3;40
4;4;50
4;5;60
4;6;70
4;7;80
5;0;80
5;1;70
5;2;60
5;3;50
5;4;40
5;5;30
5;6;20
5;7;10
6;0;10
6;1;10
6;2;10
6;3;10
6;4;10
6;5;10
6;6;10
6;7;10
7;0;10
7;1;20
7;2;30
7;3;40
7;4;50
7;5;60
7;6;70
7;7;80
8;0;10
8;1;20
8;2;30
8;3;40
8;4;50
8;5;60
8;6;70
8;7;80
9;0;10
9;1;10
9;2;10
9;3;10
9;4;10
9;5;10
9;6;10
9;7;10
10;0;10
10;1;20
10;2;30
10;3;40
10;4;50
10;5;60
10;6;70
10;7;80
11;0;10
11;1;20
11;2;30
11;3;40
11;4;50
11;5;60
11;6;70
11;7;80
12;0;80
12;1;70
12;2;60
12;3;50
12;4;40
12;5;30
12;6;20
12;7;10
13;0;10
13;1;20
13;2;30
13;3;40
13;4;50
13;5;60
13;6;70
13;7;80
14;0;10
14;1;20
14;2;30
14;3;40
14;4;50
14;5;60
14;6;70
14;7;80
15;0;10
15;1;20
15;2;30
15;3;40
15;4;50
15;5;60
15;6;70
15;7;80
16;0;80
16;1;70
16;2;60
16;3;50
16;4;40
16;5;30
16;6;20
16;7;10
17;0;10
17;1;10
17;2;10
17;3;10
17;4;10
17;5;10
17;6;10
17;7;10
18;0;10
18;1;10
18;2;10
18;3;10
18;4;10
18;5;10
18;6;10
18;7;10
19;0;10
19;1;20
19;2;30
19;3;40
19;4;50
19;5;60
19;6;70
19;7;80
20;0;80
20;1;70
20;2;60
20;3;50
20;4;40
20;5;30
20;6;20
20;7;10
21;0;10
21;1;20
21;2;30
21;3;40
21;4;50
21;5;60
21;6;70
21;7;80
22;0;10
22;1;20
22;2;30
22;3;40
22;4;50
22;5;60
22;6;70
22;7;80
23;0;10
23;1;10
23;2;10
23;3;10
23;4;10
23;5;10
23;6;10
23;7;10
24;0;10
24;1;10
24;2;10
24;3;10
24;4;10
24;5;10
24;6;10
24;7;10
25;0;80
25;1;70
25;2;60
25;3;50
25;4;40
25;5;30
25;6;20
25;7;10
26;0;10
26;1;10
26;2;10
26;3;10
26;4;10
26;5;10
26;6;10
26;7;10
27;0;10
27;1;10
27;2;10
27;3;10
27;4;10
27;5;10
27;6;10
27;7;10
28;0;10
28;1;20
28;2;30
28;3;40
28;4;50
28;5;60
28;6;70
28;7;80
29;0;10
29;1;20
29;2;30
29;3;40
29;4;50
29;5;60
29;6;70
29;7;80
30;0;10
30;1;20
30;2;30
30;3;40
30;4;50
30;5;60
30;6;70
30;7;80
31;0;10
31;1;20
31;2;30
31;3;40
31;4;50
31;5;60
31;6;70
31;7;80
32;0;80
32;1;70
32;2;60
32;3;50
32;4;40
32;5;30
32;6;20
32;7;10
33;0;80
33;1;70
33;2;60
33;3;50
33;4;40
33;5;30
33;6;20
33;7;10
34;0;80
34;1;70
34;2;60
34;3;50
34;4;40
34;5;30
34;6;20
34;7;10
35;0;10
35;1;10
35;2;10
35;3;10
35;4;10
35;5;10
35;6;10
35;7;10
36;0;80
36;1;70
36;2;60
36;3;50
36;4;40
36;5;30
36;6;20
36;7;10
37;0;10
37;1;10
37;2;10
37;3;10
37;4;10
37;5;10
37;6;10
37;7;10
38;0;80
38;1;70
38;2;60
38;3;50
38;4;40
38;5;30
38;6;20
38;7;10
39;0;10
39;1;20
39;2;30
39;3;40
39;4;50
39;5;60
39;6;70
39;7;80
40;0;10
40;1;20
40;2;30
40;3;40
40;4;50
40;5;60
40;6;70
40;7;80
41;0;10
41;1;10
41;2;10
41;3;10
41;4;10
41;5;10
41;6;10
41;7;10
42;0;80
42;1;70
42;2;60
42;3;50
42;4;40
42;5;30
42;6;20
42;7;10
43;0;10
43;1;20
43;2;30
43;3;40
43;4;50
43;5;60
43;6;70
43;7;80
44;0;10
44;1;10
44;2;10
44;3;10
44;4;10
44;5;10
44;6;10
44;7;10
45;0;10
45;1;10
45;2;10
45;3;10
45;4;10
45;5;10
45;6;10
45;7;10
46;0;80
46;1;70
46;2;60
46;3;50
46;4;40
46;5;30
46;6;20
46;7;10
47;0;10
47;1;20
47;2;30
47;3;40
47;4;50
47;5;60
47;6;70
47;7;80
48;0;10
48;1;20
48;2;30
48;3;40
48;4;50
48;5;60
48;6;70
48;7;80
49;0;10
49;1;10
49;2;10
49;3;10
49;4;10
49;5;10
49;6;10
49;7;10
50;0;10
50;1;10
50;2;10
50;3;10
50;4;10
50;5;10
50;6;10
50;7;10
51;0;80
51;1;70
51;2;60
51;3;50
51;4;40
51;5;30
51;6;20
51;7;10
52;0;10
52;1;20
52;2;30
52;3;40
52;4;50
52;5;60
52;6;70
52;7;80
53;0;80
53;1;70
53;2;60
53;3;50
53;4;40
53;5;30
53;6;20
53;7;10
54;0;10
54;1;20
54;2;30
54;3;40
54;4;50
54;5;60
54;6;70
54;7;80
55;0;80
55;1;70
55;2;60
55;3;50
55;4;40
55;5;30
55;6;20
55;7;10
56;0;10
56;1;10
56;2;10
56;3;10
56;4;10
56;5;10
56;6;10
56;7;10
57;0;10
57;1;10
57;2;10
57;3;10
57;4;10
57;5;10
57;6;10
57;7;10
58;0;10
58;1;20
58;2;30
58;3;40
58;4;50
58;5;60
58;6;70
58;7;80
59;0;10
59;1;10
59;2;10
59;3;10
59;4;10
59;5;10
59;6;10
59;7;10
60;0;80
60;1;70
60;2;60
60;3;50
60;4;40
60;5;30
60;6;20
60;7;10
61;0;10
61;1;10
61;2;10
61;3;10
61;4;10
61;5;10
61;6;10
61;7;10
62;0;10
62;1;10
62;2;10
62;3;10
62;4;10
62;5;10
62;6;10
62;7;10
63;0;80
63;1;70
63;2;60
63;3;50
63;4;40
63;5;30
63;6;20
63;7;10
64;0;80
64;1;70
64;2;60
64;3;50
64;4;40
64;5;30
64;6;20
64;7;10
65;0;10
65;1;10
65;2;10
65;3;10
65;4;10
65;5;10
65;6;10
65;7;10
66;0;10
66;1;20
66;2;30
66;3;40
66;4;50
66;5;60
66;6;70
66;7;80
67;0;80
67;1;70
67;2;60
67;3;50
67;4;40
67;5;30
67;6;20
67;7;10
68;0;80
68;1;70
68;2;60
68;3;50
68;4;40
68;5;30
68;6;20
68;7;10
69;0;10
69;1;10
69;2;10
69;3;10
69;4;10
69;5;10
69;6;10
69;7;10
70;0;80
70;1;70
70;2;60
70;3;50
70;4;40
70;5;30
70;6;20
70;7;10
71;0;80
71;1;70
71;2;60
71;3;50
71;4;40
71;5;30
71;6;20
71;7;10
72;0;80
72;1;70
72;2;60
72;3;50
72;4;40
72;5;30
72;6;20
72;7;10
73;0;80
73;1;70
73;2;60
73;3;50
73;4;40
73;5;30
73;6;20
73;7;10
74;0;80
74;1;70
74;2;60
74;3;50
74;4;40
74;5;30
74;6;20
74;7;10
75;0;10
75;1;20
75;2;30
75;3;40
75;4;50
75;5;60
75;6;70
75;7;80
76;0;80
76;1;70
76;2;60
76;3;50
76;4;40
76;5;30
76;6;20
76;7;10
77;0;10
77;1;20
77;2;30
77;3;40
77;4;50
77;5;60
77;6;70
77;7;80
78;0;80
78;1;70
78;2;60
78;3;50
78;4;40
78;5;30
78;6;20
78;7;10
79;0;10
79;1;10
79;2;10
79;3;10
79;4;10
79;5;10
79;6;10
79;7;10
80;0;80
80;1;70
80;2;60
80;3;50
80;4;40
80;5;30
80;6;20
80;7;10
81;0;10
81;1;10
81;2;10
81;3;10
81;4;10
81;5;10
81;6;10
81;7;10
82;0;10
82;1;20
82;2;30
82;3;40
82;4;50
82;5;60
82;6;70
82;7;80
83;0;80
83;1;70
83;2;60
83;3;50
83;4;40
83;5;30
83;6;20
83;7;10
84;0;10
84;1;20
84;2;30
84;3;40
84;4;50
84;5;60
84;6;70
84;7;80
85;0;10
85;1;20
85;2;30
85;3;40
85;4;50
85;5;60
85;6;70
85;7;80
86;0;80
86;1;70
86;2;60
86;3;50
86;4;40
86;5;30
86;6;20
86;7;10
87;0;80
87;1;70
87;2;60
87;3;50
87;4;40
87;5;30
87;6;20
87;7;10
88;0;10
88;1;10
88;2;10
88;3;10
88;4;10
88;5;10
88;6;10
88;7;10
89;0;10
89;1;20
89;2;30
89;3;40
89;4;50
89;5;60
89;6;70
89;7;80
90;0;10
90;1;10
90;2;10
90;3;10
90;4;10
90;5;10
90;6;10
90;7;10
91;0;10
91;1;10
91;2;10
91;3;10
91;4;10
91;5;10
91;6;10
91;7;10
92;0;10
92;1;10
92;2;10
92;3;10
92;4;10
92;5;10
92;6;10
92;7;10
93;0;80
93;1;70
93;2;60
93;3;50
93;4;40
93;5;30
93;6;20
93;7;10
94;0;10
94;1;20
94;2;30
94;3;40
94;4;50
94;5;60
94;6;70
94;7;80
95;0;10
95;1;20
95;2;30
95;3;40
95;4;50
95;5;60
95;6;70
95;7;80
96;0;10
96;1;10
96;2;10
96;3;10
96;4;10
96;5;10
96;6;10
96;7;10
97;0;10
97;1;10
97;2;10
97;3;10
97;4;10
97;5;10
97;6;10
97;7;10
98;0;80
98;1;70
98;2;60
98;3;50
98;4;40
98;5;30
98;6;20
98;7;10
99;0;10
99;1;20
99;2;30
99;3;40
99;4;50
99;5;60
99;6;70
99;7;80
100;0;10
100;1;10
100;2;10
100;3;10
100;4;10
100;5;10
100;6;10
100;7;10
101;0;80
101;1;70
101;2;60
101;3;50
101;4;40
101;5;30
101;6;20
101;7;10
102;0;10
102;1;10
102;2;10
102;3;10
102;4;10
102;5;10
102;6;10
102;7;10
103;0;10
103;1;10
103;2;10
103;3;10
103;4;10
103;5;10
103;6;10
103;7;10
104;0;10
104;1;20
104;2;30
104;3;40
104;4;50
104;5;60
104;6;70
104;7;80
105;0;80
105;1;70
105;2;60
105;3;50
105;4;40
105;5;30
105;6;20
105;7;10
106;0;10
106;1;10
106;2;10
106;3;10
106;4;10
106;5;10
106;6;10
106;7;10
107;0;10
107;1;20
107;2;30
107;3;40
107;4;50
107;5;60
107;6;70
107;7;80
108;0;80
108;1;70
108;2;60
108;3;50
108;4;40
108;5;30
108;6;20
108;7;10
109;0;10
109;1;10
109;2;10
109;3;10
109;4;10
109;5;10
109;6;10
109;7;10
110;0;10
110;1;10
110;2;10
110;3;10
110;4;10
110;5;10
110;6;10
110;7;10
111;0;10
111;1;20
111;2;30
111;3;40
111;4;50
111;5;60
111;6;70
111;7;80
112;0;10
112;1;20
112;2;30
112;3;40
112;4;50
112;5;60
112;6;70
112;7;80
113;0;80
113;1;70
113;2;60
113;3;50
113;4;40
113;5;30
113;6;20
113;7;10
114;0;10
114;1;10
114;2;10
114;3;10
114;4;10
114;5;10
114;6;10
114;7;10
115;0;80
115;1;70
115;2;60
115;3;50
115;4;40
115;5;30
115;6;20
115;7;10
116;0;80
116;1;70
116;2;60
116;3;50
116;4;40
116;5;30
116;6;20
116;7;10
117;0;80
117;1;70
117;2;60
117;3;50
117;4;40
117;5;30
117;6;20
117;7;10
118;0;10
118;1;20
118;2;30
118;3;40
118;4;50
118;5;60
118;6;70
118;7;80
119;0;10
119;1;20
119;2;30
119;3;40
119;4;50
119;5;60
119;6;70
119;7;80
120;0;10
120;1;10
120;2;10
120;3;10
120;4;10
120;5;10
120;6;10
120;7;10
121;0;10
121;1;10
121;2;10
121;3;10
121;4;10
121;5;10
121;6;10
121;7;10
122;0;10
122;1;20
122;2;30
122;3;40
122;4;50
122;5;60
122;6;70
122;7;80
123;0;80
123;1;70
123;2;60
123;3;50
123;4;40
123;5;30
123;6;20
123;7;10
124;0;10
124;1;10
124;2;10
124;3;10
124;4;10
124;5;10
124;6;10
124;7;10
125;0;10
125;1;20
125;2;30
125;3;40
125;4;50
125;5;60
125;6;70
125;7;80
126;0;10
126;1;20
126;2;30
126;3;40
126;4;50
126;5;60
126;6;70
126;7;80
127;0;10
127;1;10
127;2;10
127;3;10
127;4;10
127;5;10
127;6;10
127;7;10
128;0;10
128;1;10
128;2;10
128;3;10
128;4;10
128;5;10
128;6;10
128;7;10
129;0;10
129;1;20
129;2;30
129;3;40
129;4;50
129;5;60
129;6;70
129;7;80
130;0;10
130;1;20
130;2;30
130;3;40
130;4;50
130;5;60
130;6;70
130;7;80
131;0;10
131;1;20
131;2;30
131;3;40
131;4;50
131;5;60
131;6;70
131;7;80
132;0;10
132;1;10
132;2;10
132;3;10
132;4;10
132;5;10
132;6;10
132;7;10
133;0;10
133;1;20
133;2;30
133;3;40
133;4;50
133;5;60
133;6;70
133;7;80
134;0;10
134;1;20
134;2;30
134;3;40
134;4;50
134;5;60
134;6;70
134;7;80
135;0;10
135;1;10
135;2;10
135;3;10
135;4;10
135;5;10
135;6;10
135;7;10
136;0;10
136;1;20
136;2;30
136;3;40
136;4;50
136;5;60
136;6;70
136;7;80
137;0;80
137;1;70
137;2;60
137;3;50
137;4;40
137;5;30
137;6;20
137;7;10
138;0;10
138;1;20
138;2;30
138;3;40
138;4;50
138;5;60
138;6;70
138;7;80
139;0;10
139;1;10
139;2;10
139;3;10
139;4;10
139;5;10
139;6;10
139;7;10
140;0;10
140;1;20
140;2;30
140;3;40
140;4;50
140;5;60
140;6;70
140;7;80
141;0;10
141;1;20
141;2;30
141;3;40
141;4;50
141;5;60
141;6;70
141;7;80
142;0;10
142;1;10
142;2;10
142;3;10
142;4;10
142;5;10
142;6;10
142;7;10
143;0;10
143;1;10
143;2;10
143;3;10
143;4;10
143;5;10
143;6;10
143;7;10
144;0;10
144;1;10
144;2;10
144;3;10
144;4;10
144;5;10
144;6;10
144;7;10
145;0;10
145;1;10
145;2;10
145;3;10
145;4;10
145;5;10
145;6;10
145;7;10
146;0;10
146;1;20
146;2;30
146;3;40
146;4;50
146;5;60
146;6;70
146;7;80
147;0;80
147;1;70
147;2;60
147;3;50
147;4;40
147;5;30
147;6;20
147;7;10
148;0;80
148;1;70
148;2;60
148;3;50
148;4;40
148;5;30
148;6;20
148;7;10
149;0;80
149;1;70
149;2;60
149;3;50
149;4;40
149;5;30
149;6;20
149;7;10
150;0;10
150;1;10
150;2;10
150;3;10
150;4;10
150;5;10
150;6;10
150;7;10
151;0;80
151;1;70
151;2;60
151;3;50
151;4;40
151;5;30
151;6;20
151;7;10
152;0;10
152;1;10
152;2;10
152;3;10
152;4;10
152;5;10
152;6;10
152;7;10
153;0;10
153;1;20
153;2;30
153;3;40
153;4;50
153;5;60
153;6;70
153;7;80
154;0;80
154;1;70
154;2;60
154;3;50
154;4;40
154;5;30
154;6;20
154;7;10
155;0;10
155;1;10
155;2;10
155;3;10
155;4;10
155;5;10
155;6;10
155;7;10
156;0;80
156;1;70
156;2;60
156;3;50
156;4;40
156;5;30
156;6;20
156;7;10
157;0;80
157;1;70
157;2;60
157;3;50
157;4;40
157;5;30
157;6;20
157;7;10
158;0;10
158;1;20
158;2;30
158;3;40
158;4;50
158;5;60
158;6;70
158;7;80
159;0;10
159;1;20
159;2;30
159;3;40
159;4;50
159;5;60
159;6;70
159;7;80
160;0;10
160;1;20
160;2;30
160;3;40
160;4;50
160;5;60
160;6;70
160;7;80
161;0;10
161;1;20
161;2;30
161;3;40
161;4;50
161;5;60
161;6;70
161;7;80
162;0;10
162;1;20
162;2;30
162;3;40
162;4;50
162;5;60
162;6;70
162;7;80
163;0;10
163;1;10
163;2;10
163;3;10
163;4;10
163;5;10
163;6;10
163;7;10
164;0;10
164;1;10
164;2;10
164;3;10
164;4;10
164;5;10
164;6;10
164;7;10
165;0;10
165;1;20
165;2;30
165;3;40
165;4;50
165;5;60
165;6;70
165;7;80
166;0;10
166;1;20
166;2;30
166;3;40
166;4;50
166;5;60
166;6;70
166;7;80
167;0;80
167;1;70
167;2;60
167;3;50
167;4;40
167;5;30
167;6;20
167;7;10
168;0;10
168;1;10
168;2;10
168;3;10
168;4;10
168;5;10
168;6;10
168;7;10
169;0;10
169;1;10
169;2;10
169;3;10
169;4;10
169;5;10
169;6;10
169;7;10
170;0;80
170;1;70
170;2;60
170;3;50
170;4;40
170;5;30
170;6;20
170;7;10
171;0;10
171;1;20
171;2;30
171;3;40
171;4;50
171;5;60
171;6;70
171;7;80
172;0;10
172;1;10
172;2;10
172;3;10
172;4;10
172;5;10
172;6;10
172;7;10
173;0;10
173;1;10
173;2;10
173;3;10
173;4;10
173;5;10
173;6;10
173;7;10
174;0;10
174;1;20
174;2;30
174;3;40
174;4;50
174;5;60
174;6;70
174;7;80
175;0;10
175;1;20
175;2;30
175;3;40
175;4;50
175;5;60
175;6;70
175;7;80
176;0;10
176;1;20
176;2;30
176;3;40
176;4;50
176;5;60
176;6;70
176;7;80
177;0;10
177;1;10
177;2;10
177;3;10
177;4;10
177;5;10
177;6;10
177;7;10
178;0;10
178;1;10
178;2;10
178;3;10
178;4;10
178;5;10
178;6;10
178;7;10
179;0;10
179;1;10
179;2;10
179;3;10
179;4;10
179;5;10
179;6;10
179;7;10
180;0;10
180;1;20
180;2;30
180;3;40
180;4;50
180;5;60
180;6;70
180;7;80
181;0;80
181;1;70
181;2;60
181;3;50
181;4;40
181;5;30
181;6;20
181;7;10
182;0;10
182;1;20
182;2;30
182;3;40
182;4;50
182;5;60
182;6;70
182;7;80
183;0;80
183;1;70
183;2;60
183;3;50
183;4;40
183;5;30
183;6;20
183;7;10
184;0;10
184;1;20
184;2;30
184;3;40
184;4;50
184;5;60
184;6;70
184;7;80
185;0;10
185;1;10
185;2;10
185;3;10
185;4;10
185;5;10
185;6;10
185;7;10
186;0;80
186;1;70
186;2;60
186;3;50
186;4;40
186;5;30
186;6;20
186;7;10
187;0;80
187;1;70
187;2;60
187;3;50
187;4;40
187;5;30
187;6;20
187;7;10
188;0;80
188;1;70
188;2;60
188;3;50
188;4;40
188;5;30
188;6;20
188;7;10
189;0;10
189;1;20
189;2;30
189;3;40
189;4;50
189;5;60
189;6;70
189;7;80
190;0;80
190;1;70
190;2;60
190;3;50
190;4;40
190;5;30
190;6;20
190;7;10
191;0;10
191;1;10
191;2;10
191;3;10
191;4;10
191;5;10
191;6;10
191;7;10
192;0;10
192;1;10
192;2;10
192;3;10
192;4;10
192;5;10
192;6;10
192;7;10
193;0;10
193;1;10
193;2;10
193;3;10
193;4;10
193;5;10
193;6;10
193;7;10
194;0;80
194;1;70
194;2;60
194;3;50
194;4;40
194;5;30
194;6;20
194;7;10
195;0;10
195;1;10
195;2;10
195;3;10
195;4;10
195;5;10
195;6;10
195;7;10
196;0;10
196;1;20
196;2;30
196;3;40
196;4;50
196;5;60
196;6;70
196;7;80
197;0;80
197;1;70
197;2;60
197;3;50
197;4;40
197;5;30
197;6;20
197;7;10
198;0;10
198;1;10
198;2;10
198;3;10
198;4;10
198;5;10
198;6;10
198;7;10
199;0;10
199;1;10
199;2;10
199;3;10
199;4;10
199;5;10
199;6;10
199;7;10
200;0;10
200;1;10
200;2;10
200;3;10
200;4;10
200;5;10
200;6;10
200;7;10
201;0;80
201;1;70
201;2;60
201;3;50
201;4;40
201;5;30
201;6;20
201;7;10
202;0;10
202;1;20
202;2;30
202;3;40
202;4;50
202;5;60
202;6;70
202;7;80
203;0;10
203;1;20
203;2;30
203;3;40
203;4;50
203;5;60
203;6;70
203;7;80
204;0;10
204;1;10
204;2;10
204;3;10
204;4;10
204;5;10
204;6;10
204;7;10
205;0;10
205;1;10
205;2;10
205;3;10
205;4;10
205;5;10
205;6;10
205;7;10
206;0;80
206;1;70
206;2;60
206;3;50
206;4;40
206;5;30
206;6;20
206;7;10
207;0;10
207;1;20
207;2;30
207;3;40
207;4;50
207;5;60
207;6;70
207;7;80
208;0;80
208;1;70
208;2;60
208;3;50
208;4;40
208;5;30
208;6;20
208;7;10
209;0;10
209;1;10
209;2;10
209;3;10
209;4;10
209;5;10
209;6;10
209;7;10
210;0;10
210;1;10
210;2;10
210;3;10
210;4;10
210;5;10
210;6;10
210;7;10
211;0;10
211;1;20
211;2;30
211;3;40
211;4;50
211;5;60
211;6;70
211;7;80
212;0;80
212;1;70
212;2;60
212;3;50
212;4;40
212;5;30
212;6;20
212;7;10
213;0;10
213;1;20
213;2;30
213;3;40
213;4;50
213;5;60
213;6;70
213;7;80
214;0;10
214;1;20
214;2;30
214;3;40
214;4;50
214;5;60
214;6;70
214;7;80
215;0;10
215;1;10
215;2;10
215;3;10
215;4;10
215;5;10
215;6;10
215;7;10
216;0;10
216;1;10
216;2;10
216;3;10
216;4;10
216;5;10
216;6;10
216;7;10
217;0;10
217;1;10
217;2;10
217;3;10
217;4;10
217;5;10
217;6;10
217;7;10
218;0;10
218;1;10
218;2;10
218;3;10
218;4;10
218;5;10
218;6;10
218;7;10
219;0;10
219;1;20
219;2;30
219;3;40
219;4;50
219;5;60
219;6;70
219;7;80
220;0;10
220;1;10
220;2;10
220;3;10
220;4;10
220;5;10
220;6;10
220;7;10
221;0;80
221;1;70
221;2;60
221;3;50
221;4;40
221;5;30
221;6;20
221;7;10
222;0;80
222;1;70
222;2;60
222;3;50
222;4;40
222;5;30
222;6;20
222;7;10
223;0;10
223;1;10
223;2;10
223;3;10
223;4;10
223;5;10
223;6;10
223;7;10
224;0;10
224;1;10
224;2;10
224;3;10
224;4;10
224;5;10
224;6;10
224;7;10
225;0;10
225;1;10
225;2;10
225;3;10
225;4;10
225;5;10
225;6;10
225;7;10
226;0;80
226;1;70
226;2;60
226;3;50
226;4;40
226;5;30
226;6;20
226;7;10
227;0;10
227;1;10
227;2;10
227;3;10
227;4;10
227;5;10
227;6;10
227;7;10
228;0;10
228;1;20
228;2;30
228;3;40
228;4;50
228;5;60
228;6;70
228;7;80
229;0;10
229;1;20
229;2;30
229;3;40
229;4;50
229;5;60
229;6;70
229;7;80
230;0;80
230;1;70
230;2;60
230;3;50
230;4;40
230;5;30
230;6;20
230;7;10
231;0;10
231;1;20
231;2;30
231;3;40
231;4;50
231;5;60
231;6;70
231;7;80
232;0;80
232;1;70
232;2;60
232;3;50
232;4;40
232;5;30
232;6;20
232;7;10
233;0;80
233;1;70
233;2;60
233;3;50
233;4;40
233;5;30
233;6;20
233;7;10
234;0;10
234;1;20
234;2;30
234;3;40
234;4;50
234;5;60
234;6;70
234;7;80
235;0;10
235;1;20
235;2;30
235;3;40
235;4;50
235;5;60
235;6;70
235;7;80
236;0;10
236;1;10
236;2;10
236;3;10
236;4;10
236;5;10
236;6;10
236;7;10
237;0;80
237;1;70
237;2;60
237;3;50
237;4;40
237;5;30
237;6;20
237;7;10
238;0;80
238;1;70
238;2;60
238;3;50
238;4;40
238;5;30
238;6;20
238;7;10
239;0;10
239;1;10
239;2;10
239;3;10
239;4;10
239;5;10
239;6;10
239;7;10
240;0;10
240;1;20
240;2;30
240;3;40
240;4;50
240;5;60
240;6;70
240;7;80
241;0;10
241;1;10
241;2;10
241;3;10
241;4;10
241;5;10
241;6;10
241;7;10
242;0;80
242;1;70
242;2;60
242;3;50
242;4;40
242;5;30
242;6;20
242;7;10
243;0;10
243;1;20
243;2;30
243;3;40
243;4;50
243;5;60
243;6;70
243;7;80
244;0;80
244;1;70
244;2;60
244;3;50
244;4;40
244;5;30
244;6;20
244;7;10
245;0;10
245;1;10
245;2;10
245;3;10
245;4;10
245;5;10
245;6;10
245;7;10
246;0;10
246;1;10
246;2;10
246;3;10
246;4;10
246;5;10
246;6;10
246;7;10
247;0;10
247;1;10
247;2;10
247;3;10
247;4;10
247;5;10
247;6;10
247;7;10
248;0;10
248;1;10
248;2;10
248;3;10
248;4;10
248;5;10
248;6;10
248;7;10
249;0;10
249;1;20
249;2;30
249;3;40
249;4;50
249;5;60
249;6;70
249;7;80
250;0;10
250;1;10
250;2;10
250;3;10
250;4;10
250;5;10
250;6;10
250;7;10
251;0;10
251;1;20
251;2;30
251;3;40
251;4;50
251;5;60
251;6;70
251;7;80
252;0;10
252;1;20
252;2;30
252;3;40
252;4;50
252;5;60
252;6;70
252;7;80
253;0;10
253;1;20
253;2;30
253;3;40
253;4;50
253;5;60
253;6;70
253;7;80
254;0;10
254;1;10
254;2;10
254;3;10
254;4;10
254;5;10
254;6;10
254;7;10
255;0;10
255;1;10
255;2;10
255;3;10
255;4;10
255;5;10
255;6;10
255;7;10
256;0;10
256;1;20
256;2;30
256;3;40
256;4;50
256;5;60
256;6;70
256;7;80
257;0;10
257;1;10
257;2;10
257;3;10
257;4;10
257;5;10
257;6;10
257;7;10
258;0;10
258;1;10
258;2;10
258;3;10
258;4;10
258;5;10
258;6;10
258;7;10
259;0;10
259;1;10
259;2;10
259;3;10
259;4;10
259;5;10
259;6;10
259;7;10
260;0;10
260;1;10
260;2;10
260;3;10
260;4;10
260;5;10
260;6;10
260;7;10
261;0;80
261;1;70
261;2;60
261;3;50
261;4;40
261;5;30
261;6;20
261;7;10
262;0;80
262;1;70
262;2;60
262;3;50
262;4;40
262;5;30
262;6;20
262;7;10
263;0;10
263;1;10
263;2;10
263;3;10
263;4;10
263;5;10
263;6;10
263;7;10
264;0;10
264;1;10
264;2;10
264;3;10
264;4;10
264;5;10
264;6;10
264;7;10
265;0;80
265;1;70
265;2;60
265;3;50
265;4;40
265;5;30
265;6;20
265;7;10
266;0;10
266;1;20
266;2;30
266;3;40
266;4;50
266;5;60
266;6;70
266;7;80
267;0;10
267;1;20
267;2;30
267;3;40
267;4;50
267;5;60
267;6;70
267;7;80
268;0;10
268;1;20
268;2;30
268;3;40
268;4;50
268;5;60
268;6;70
268;7;80
269;0;10
269;1;10
269;2;10
269;3;10
269;4;10
269;5;10
269;6;10
269;7;10
270;0;10
270;1;10
270;2;10
270;3;10
270;4;10
270;5;10
270;6;10
270;7;10
271;0;10
271;1;20
271;2;30
271;3;40
271;4;50
271;5;60
271;6;70
271;7;80
272;0;80
272;1;70
272;2;60
272;3;50
272;4;40
272;5;30
272;6;20
272;7;10
273;0;10
273;1;10
273;2;10
273;3;10
273;4;10
273;5;10
273;6;10
273;7;10
274;0;80
274;1;70
274;2;60
274;3;50
274;4;40
274;5;30
274;6;20
274;7;10
275;0;10
275;1;20
275;2;30
275;3;40
275;4;50
275;5;60
275;6;70
275;7;80
276;0;10
276;1;20
276;2;30
276;3;40
276;4;50
276;5;60
276;6;70
276;7;80
277;0;10
277;1;10
277;2;10
277;3;10
277;4;10
277;5;10
277;6;10
277;7;10
278;0;10
278;1;10
278;2;10
278;3;10
278;4;10
278;5;10
278;6;10
278;7;10
279;0;10
279;1;20
279;2;30
279;3;40
279;4;50
279;5;60
279;6;70
279;7;80
280;0;10
280;1;20
280;2;30
280;3;40
280;4;50
280;5;60
280;6;70
280;7;80
281;0;10
281;1;20
281;2;30
281;3;40
281;4;50
281;5;60
281;6;70
281;7;80
282;0;80
282;1;70
282;2;60
282;3;50
282;4;40
282;5;30
282;6;20
282;7;10
283;0;10
283;1;20
283;2;30
283;3;40
283;4;50
283;5;60
283;6;70
283;7;80
284;0;10
284;1;20
284;2;30
284;3;40
284;4;50
284;5;60
284;6;70
284;7;80
285;0;10
285;1;10
285;2;10
285;3;10
285;4;10
285;5;10
285;6;10
285;7;10
286;0;80
286;1;70
286;2;60
286;3;50
286;4;40
286;5;30
286;6;20
286;7;10
287;0;10
287;1;10
287;2;10
287;3;10
287;4;10
287;5;10
287;6;10
287;7;10
288;0;10
288;1;20
288;2;30
288;3;40
288;4;50
288;5;60
288;6;70
288;7;80
289;0;10
289;1;20
289;2;30
289;3;40
289;4;50
289;5;60
289;6;70
289;7;80
290;0;10
290;1;20
290;2;30
290;3;40
290;4;50
290;5;60
290;6;70
290;7;80
291;0;10
291;1;20
291;2;30
291;3;40
291;4;50
291;5;60
291;6;70
291;7;80
292;0;10
292;1;10
292;2;10
292;3;10
292;4;10
292;5;10
292;6;10
292;7;10
293;0;10
293;1;20
293;2;30
293;3;40
293;4;50
293;5;60
293;6;70
293;7;80
294;0;80
294;1;70
294;2;60
294;3;50
294;4;40
294;5;30
294;6;20
294;7;10
295;0;80
295;1;70
295;2;60
295;3;50
295;4;40
295;5;30
295;6;20
295;7;10
296;0;10
296;1;10
296;2;10
296;3;10
296;4;10
296;5;10
296;6;10
296;7;10
297;0;10
297;1;10
297;2;10
297;3;10
297;4;10
297;5;10
297;6;10
297;7;10
298;0;10
298;1;10
298;2;10
298;3;10
298;4;10
298;5;10
298;6;10
298;7;10
299;0;10
299;1;10
299;2;10
299;3;10
299;4;10
299;5;10
299;6;10
299;7;10
300;0;80
300;1;70
300;2;60
300;3;50
300;4;40
300;5;30
300;6;20
300;7;10
301;0;10
301;1;10
301;2;10
301;3;10
301;4;10
301;5;10
301;6;10
301;7;10
302;0;10
302;1;10
302;2;10
302;3;10
302;4;10
302;5;10
302;6;10
302;7;10
303;0;80
303;1;70
303;2;60
303;3;50
303;4;40
303;5;30
303;6;20
303;7;10
304;0;10
304;1;10
304;2;10
304;3;10
304;4;10
304;5;10
304;6;10
304;7;10
305;0;10
305;1;20
305;2;30
305;3;40
305;4;50
305;5;60
305;6;70
305;7;80
306;0;10
306;1;10
306;2;10
306;3;10
306;4;10
306;5;10
306;6;10
306;7;10
307;0;80
307;1;70
307;2;60
307;3;50
307;4;40
307;5;30
307;6;20
307;7;10
308;0;10
308;1;20
308;2;30
308;3;40
308;4;50
308;5;60
308;6;70
308;7;80
309;0;10
309;1;10
309;2;10
309;3;10
309;4;10
309;5;10
309;6;10
309;7;10
310;0;10
310;1;20
310;2;30
310;3;40
310;4;50
310;5;60
310;6;70
310;7;80
311;0;10
311;1;10
311;2;10
311;3;10
311;4;10
311;5;10
311;6;10
311;7;10
312;0;80
312;1;70
312;2;60
312;3;50
312;4;40
312;5;30
312;6;20
312;7;10
313;0;10
313;1;10
313;2;10
313;3;10
313;4;10
313;5;10
313;6;10
313;7;10
314;0;80
314;1;70
314;2;60
314;3;50
314;4;40
314;5;30
314;6;20
314;7;10
315;0;10
315;1;10
315;2;10
315;3;10
315;4;10
315;5;10
315;6;10
315;7;10
316;0;10
316;1;10
316;2;10
316;3;10
316;4;10
316;5;10
316;6;10
316;7;10
317;0;10
317;1;20
317;2;30
317;3;40
317;4;50
317;5;60
317;6;70
317;7;80
318;0;10
318;1;10
318;2;10
318;3;10
318;4;10
318;5;10
318;6;10
318;7;10
319;0;80
319;1;70
319;2;60
319;3;50
319;4;40
319;5;30
319;6;20
319;7;10
320;0;10
320;1;20
320;2;30
320;3;40
320;4;50
320;5;60
320;6;70
320;7;80
321;0;10
321;1;20
321;2;30
321;3;40
321;4;50
321;5;60
321;6;70
321;7;80
322;0;80
322;1;70
322;2;60
322;3;50
322;4;40
322;5;30
322;6;20
322;7;10
323;0;80
323;1;70
323;2;60
323;3;50
323;4;40
323;5;30
323;6;20
323;7;10
324;0;10
324;1;10
324;2;10
324;3;10
324;4;10
324;5;10
324;6;10
324;7;10
325;0;80
325;1;70
325;2;60
325;3;50
325;4;40
325;5;30
325;6;20
325;7;10
326;0;10
326;1;10
326;2;10
326;3;10
326;4;10
326;5;10
326;6;10
326;7;10
327;0;10
327;1;10
327;2;10
327;3;10
327;4;10
327;5;10
327;6;10
327;7;10
328;0;10
328;1;10
328;2;10
328;3;10
328;4;10
328;5;10
328;6;10
328;7;10
329;0;10
329;1;20
329;2;30
329;3;40
329;4;50
329;5;60
329;6;70
329;7;80
330;0;80
330;1;70
330;2;60
330;3;50
330;4;40
330;5;30
330;6;20
330;7;10
331;0;10
331;1;10
331;2;10
331;3;10
331;4;10
331;5;10
331;6;10
331;7;10
332;0;10
332;1;20
332;2;30
332;3;40
332;4;50
332;5;60
332;6;70
332;7;80
333;0;80
333;1;70
333;2;60
333;3;50
333;4;40
333;5;30
333;6;20
333;7;10
334;0;10
334;1;20
334;2;30
334;3;40
334;4;50
334;5;60
334;6;70
334;7;80
335;0;80
335;1;70
335;2;60
335;3;50
335;4;40
335;5;30
335;6;20
335;7;10
336;0;10
336;1;10
336;2;10
336;3;10
336;4;10
336;5;10
336;6;10
336;7;10
337;0;80
337;1;70
337;2;60
337;3;50
337;4;40
337;5;30
337;6;20
337;7;10
338;0;10
338;1;10
338;2;10
338;3;10
338;4;10
338;5;10
338;6;10
338;7;10
339;0;10
339;1;20
339;2;30
339;3;40
339;4;50
339;5;60
339;6;70
339;7;80
340;0;80
340;1;70
340;2;60
340;3;50
340;4;40
340;5;30
340;6;20
340;7;10
341;0;10
341;1;10
341;2;10
341;3;10
341;4;10
341;5;10
341;6;10
341;7;10
342;0;80
342;1;70
342;2;60
342;3;50
342;4;40
342;5;30
342;6;20
342;7;10
343;0;80
343;1;70
343;2;60
343;3;50
343;4;40
343;5;30
343;6;20
343;7;10
344;0;10
344;1;10
344;2;10
344;3;10
344;4;10
344;5;10
344;6;10
344;7;10
345;0;10
345;1;20
345;2;30
345;3;40
345;4;50
345;5;60
345;6;70
345;7;80
346;0;10
346;1;20
346;2;30
346;3;40
346;4;50
346;5;60
346;6;70
346;7;80
347;0;10
347;1;20
347;2;30
347;3;40
347;4;50
347;5;60
347;6;70
347;7;80
348;0;80
348;1;70
348;2;60
348;3;50
348;4;40
348;5;30
348;6;20
348;7;10
349;0;80
349;1;70
349;2;60
349;3;50
349;4;40
349;5;30
349;6;20
349;7;10
350;0;80
350;1;70
350;2;60
350;3;50
350;4;40
350;5;30
350;6;20
350;7;10
351;0;10
351;1;20
351;2;30
351;3;40
351;4;50
351;5;60
351;6;70
351;7;80
352;0;10
352;1;20
352;2;30
352;3;40
352;4;50
352;5;60
352;6;70
352;7;80
353;0;80
353;1;70
353;2;60
353;3;50
353;4;40
353;5;30
353;6;20
353;7;10
354;0;10
354;1;10
354;2;10
354;3;10
354;4;10
354;5;10
354;6;10
354;7;10
355;0;10
355;1;10
355;2;10
355;3;10
355;4;10
355;5;10
355;6;10
355;7;10
356;0;10
356;1;10
356;2;10
356;3;10
356;4;10
356;5;10
356;6;10
356;7;10
357;0;80
357;1;70
357;2;60
357;3;50
357;4;40
357;5;30
357;6;20
357;7;10
358;0;80
358;1;70
358;2;60
358;3;50
358;4;40
358;5;30
358;6;20
358;7;10
359;0;80
359;1;70
359;2;60
359;3;50
359;4;40
359;5;30
359;6;20
359;7;10
360;0;10
360;1;10
360;2;10
360;3;10
360;4;10
360;5;10
360;6;10
360;7;10
361;0;10
361;1;20
361;2;30
361;3;40
361;4;50
361;5;60
361;6;70
361;7;80
362;0;10
362;1;20
362;2;30
362;3;40
362;4;50
362;5;60
362;6;70
362;7;80
363;0;10
363;1;10
363;2;10
363;3;10
363;4;10
363;5;10
363;6;10
363;7;10
364;0;80
364;1;70
364;2;60
364;3;50
364;4;40
364;5;30
364;6;20
364;7;10
365;0;10
365;1;10
365;2;10
365;3;10
365;4;10
365;5;10
365;6;10
365;7;10
366;0;10
366;1;10
366;2;10
366;3;10
366;4;10
366;5;10
366;6;10
366;7;10
367;0;10
367;1;10
367;2;10
367;3;10
367;4;10
367;5;10
367;6;10
367;7;10
368;0;10
368;1;20
368;2;30
368;3;40
368;4;50
368;5;60
368;6;70
368;7;80
369;0;10
369;1;20
369;2;30
369;3;40
369;4;50
369;5;60
369;6;70
369;7;80
370;0;10
370;1;10
370;2;10
370;3;10
370;4;10
370;5;10
370;6;10
370;7;10
371;0;10
371;1;20
371;2;30
371;3;40
371;4;50
371;5;60
371;6;70
371;7;80
372;0;10
372;1;20
372;2;30
372;3;40
372;4;50
372;5;60
372;6;70
372;7;80
373;0;80
373;1;70
373;2;60
373;3;50
373;4;40
373;5;30
373;6;20
373;7;10
374;0;10
374;1;20
374;2;30
374;3;40
374;4;50
374;5;60
374;6;70
374;7;80
375;0;10
375;1;20
375;2;30
375;3;40
375;4;50
375;5;60
375;6;70
375;7;80
376;0;10
376;1;20
376;2;30
376;3;40
376;4;50
376;5;60
376;6;70
376;7;80
377;0;10
377;1;20
377;2;30
377;3;40
377;4;50
377;5;60
377;6;70
377;7;80
378;0;10
378;1;10
378;2;10
378;3;10
378;4;10
378;5;10
378;6;10
378;7;10
379;0;10
379;1;20
379;2;30
379;3;40
379;4;50
379;5;60
379;6;70
379;7;80
380;0;10
380;1;10
380;2;10
380;3;10
380;4;10
380;5;10
380;6;10
380;7;10
381;0;80
381;1;70
381;2;60
381;3;50
381;4;40
381;5;30
381;6;20
381;7;10
382;0;80
382;1;70
382;2;60
382;3;50
382;4;40
382;5;30
382;6;20
382;7;10
383;0;10
383;1;10
383;2;10
383;3;10
383;4;10
383;5;10
383;6;10
383;7;10
384;0;80
384;1;70
384;2;60
384;3;50
384;4;40
384;5;30
384;6;20
384;7;10
385;0;10
385;1;10
385;2;10
385;3;10
385;4;10
385;5;10
385;6;10
385;7;10
386;0;80
386;1;70
386;2;60
386;3;50
386;4;40
386;5;30
386;6;20
386;7;10
387;0;80
387;1;70
387;2;60
387;3;50
387;4;40
387;5;30
387;6;20
387;7;10
388;0;10
388;1;20
388;2;30
388;3;40
388;4;50
388;5;60
388;6;70
388;7;80
389;0;80
389;1;70
389;2;60
389;3;50
389;4;40
389;5;30
389;6;20
389;7;10
390;0;10
390;1;20
390;2;30
390;3;40
390;4;50
390;5;60
390;6;70
390;7;80
391;0;10
391;1;10
391;2;10
391;3;10
391;4;10
391;5;10
391;6;10
391;7;10
392;0;80
392;1;70
392;2;60
392;3;50
392;4;40
392;5;30
392;6;20
392;7;10
393;0;10
393;1;20
393;2;30
393;3;40
393;4;50
393;5;60
393;6;70
393;7;80
394;0;10
394;1;20
394;2;30
394;3;40
394;4;50
394;5;60
394;6;70
394;7;80
395;0;10
395;1;10
395;2;10
395;3;10
395;4;10
395;5;10
395;6;10
395;7;10
396;0;10
396;1;20
396;2;30
396;3;40
396;4;50
396;5;60
396;6;70
396;7;80
397;0;10
397;1;10
397;2;10
397;3;10
397;4;10
397;5;10
397;6;10
397;7;10
398;0;10
398;1;20
398;2;30
398;3;40
398;4;50
398;5;60
398;6;70
398;7;80
399;0;10
399;1;20
399;2;30
399;3;40
399;4;50
399;5;60
399;6;70
399;7;80
400;0;10
400;1;20
400;2;30
400;3;40
400;4;50
400;5;60
400;6;70
400;7;80
401;0;80
401;1;70
401;2;60
401;3;50
401;4;40
401;5;30
401;6;20
401;7;10
402;0;80
402;1;70
402;2;60
402;3;50
402;4;40
402;5;30
402;6;20
402;7;10
403;0;80
403;1;70
403;2;60
403;3;50
403;4;40
403;5;30
403;6;20
403;7;10
404;0;10
404;1;20
404;2;30
404;3;40
404;4;50
404;5;60
404;6;70
404;7;80
405;0;10
405;1;10
405;2;10
405;3;10
405;4;10
405;5;10
405;6;10
405;7;10
406;0;10
406;1;10
406;2;10
406;3;10
406;4;10
406;5;10
406;6;10
406;7;10
407;0;10
407;1;20
407;2;30
407;3;40
407;4;50
407;5;60
407;6;70
407;7;80
408;0;80
408;1;70
408;2;60
408;3;50
408;4;40
408;5;30
408;6;20
408;7;10
409;0;80
409;1;70
409;2;60
409;3;50
409;4;40
409;5;30
409;6;20
409;7;10
410;0;80
410;1;70
410;2;60
410;3;50
410;4;40
410;5;30
410;6;20
410;7;10
411;0;10
411;1;10
411;2;10
411;3;10
411;4;10
411;5;10
411;6;10
411;7;10
412;0;80
412;1;70
412;2;60
412;3;50
412;4;40
412;5;30
412;6;20
412;7;10
413;0;80
413;1;70
413;2;60
413;3;50
413;4;40
413;5;30
413;6;20
413;7;10
414;0;10
414;1;10
414;2;10
414;3;10
414;4;10
414;5;10
414;6;10
414;7;10
415;0;80
415;1;70
415;2;60
415;3;50
415;4;40
415;5;30
415;6;20
415;7;10
416;0;10
416;1;20
416;2;30
416;3;40
416;4;50
416;5;60
416;6;70
416;7;80
417;0;80
417;1;70
417;2;60
417;3;50
417;4;40
417;5;30
417;6;20
417;7;10
418;0;10
418;1;10
418;2;10
418;3;10
418;4;10
418;5;10
418;6;10
418;7;10
419;0;10
419;1;10
419;2;10
419;3;10
419;4;10
419;5;10
419;6;10
419;7;10
420;0;80
420;1;70
420;2;60
420;3;50
420;4;40
420;5;30
420;6;20
420;7;10
421;0;10
421;1;10
421;2;10
421;3;10
421;4;10
421;5;10
421;6;10
421;7;10
422;0;80
422;1;70
422;2;60
422;3;50
422;4;40
422;5;30
422;6;20
422;7;10
423;0;10
423;1;10
423;2;10
423;3;10
423;4;10
423;5;10
423;6;10
423;7;10
424;0;10
424;1;10
424;2;10
424;3;10
424;4;10
424;5;10
424;6;10
424;7;10
425;0;10
425;1;20
425;2;30
425;3;40
425;4;50
425;5;60
425;6;70
425;7;80
426;0;10
426;1;10
426;2;10
426;3;10
426;4;10
426;5;10
426;6;10
426;7;10
427;0;10
427;1;10
427;2;10
427;3;10
427;4;10
427;5;10
427;6;10
427;7;10
428;0;10
428;1;10
428;2;10
428;3;10
428;4;10
428;5;10
428;6;10
428;7;10
429;0;10
429;1;10
429;2;10
429;3;10
429;4;10
429;5;10
429;6;10
429;7;10
430;0;10
430;1;10
430;2;10
430;3;10
430;4;10
430;5;10
430;6;10
430;7;10
431;0;10
431;1;20
431;2;30
431;3;40
431;4;50
431;5;60
431;6;70
431;7;80
432;0;10
432;1;20
432;2;30
432;3;40
432;4;50
432;5;60
432;6;70
432;7;80
433;0;80
433;1;70
433;2;60
433;3;50
433;4;40
433;5;30
433;6;20
433;7;10
434;0;10
434;1;10
434;2;10
434;3;10
434;4;10
434;5;10
434;6;10
434;7;10
435;0;10
435;1;10
435;2;10
435;3;10
435;4;10
435;5;10
435;6;10
435;7;10
436;0;10
436;1;20
436;2;30
436;3;40
436;4;50
436;5;60
436;6;70
436;7;80
437;0;10
437;1;20
437;2;30
437;3;40
437;4;50
437;5;60
437;6;70
437;7;80
438;0;10
438;1;20
438;2;30
438;3;40
438;4;50
438;5;60
438;6;70
438;7;80
439;0;10
439;1;10
439;2;10
439;3;10
439;4;10
439;5;10
439;6;10
439;7;10
440;0;10
440;1;20
440;2;30
440;3;40
440;4;50
440;5;60
440;6;70
440;7;80
441;0;80
441;1;70
441;2;60
441;3;50
441;4;40
441;5;30
441;6;20
441;7;10
442;0;10
442;1;20
442;2;30
442;3;40
442;4;50
442;5;60
442;6;70
442;7;80
443;0;80
443;1;70
443;2;60
443;3;50
443;4;40
443;5;30
443;6;20
443;7;10
444;0;10
444;1;20
444;2;30
444;3;40
444;4;50
444;5;60
444;6;70
444;7;80
445;0;80
445;1;70
445;2;60
445;3;50
445;4;40
445;5;30
445;6;20
445;7;10
446;0;10
446;1;20
446;2;30
446;3;40
446;4;50
446;5;60
446;6;70
446;7;80
447;0;10
447;1;10
447;2;10
447;3;10
447;4;10
447;5;10
447;6;10
447;7;10
448;0;10
448;1;20
448;2;30
448;3;40
448;4;50
448;5;60
448;6;70
448;7;80
449;0;10
449;1;10
449;2;10
449;3;10
449;4;10
449;5;10
449;6;10
449;7;10
450;0;10
450;1;20
450;2;30
450;3;40
450;4;50
450;5;60
450;6;70
450;7;80
451;0;80
451;1;70
451;2;60
451;3;50
451;4;40
451;5;30
451;6;20
451;7;10
452;0;80
452;1;70
452;2;60
452;3;50
452;4;40
452;5;30
452;6;20
452;7;10
453;0;10
453;1;10
453;2;10
453;3;10
453;4;10
453;5;10
453;6;10
453;7;10
454;0;10
454;1;20
454;2;30
454;3;40
454;4;50
454;5;60
454;6;70
454;7;80
455;0;10
455;1;10
455;2;10
455;3;10
455;4;10
455;5;10
455;6;10
455;7;10
456;0;10
456;1;20
456;2;30
456;3;40
456;4;50
456;5;60
456;6;70
456;7;80
457;0;10
457;1;10
457;2;10
457;3;10
457;4;10
457;5;10
457;6;10
457;7;10
458;0;80
458;1;70
458;2;60
458;3;50
458;4;40
458;5;30
458;6;20
458;7;10
459;0;10
459;1;20
459;2;30
459;3;40
459;4;50
459;5;60
459;6;70
459;7;80
460;0;10
460;1;10
460;2;10
460;3;10
460;4;10
460;5;10
460;6;10
460;7;10
461;0;80
461;1;70
461;2;60
461;3;50
461;4;40
461;5;30
461;6;20
461;7;10
462;0;10
462;1;10
462;2;10
462;3;10
462;4;10
462;5;10
462;6;10
462;7;10
463;0;80
463;1;70
463;2;60
463;3;50
463;4;40
463;5;30
463;6;20
463;7;10
464;0;10
464;1;10
464;2;10
464;3;10
464;4;10
464;5;10
464;6;10
464;7;10
465;0;80
465;1;70
465;2;60
465;3;50
465;4;40
465;5;30
465;6;20
465;7;10
466;0;10
466;1;20
466;2;30
466;3;40
466;4;50
466;5;60
466;6;70
466;7;80
467;0;10
467;1;10
467;2;10
467;3;10
467;4;10
467;5;10
467;6;10
467;7;10
468;0;80
468;1;70
468;2;60
468;3;50
468;4;40
468;5;30
468;6;20
468;7;10
469;0;80
469;1;70
469;2;60
469;3;50
469;4;40
469;5;30
469;6;20
469;7;10
470;0;10
470;1;20
470;2;30
470;3;40
470;4;50
470;5;60
470;6;70
470;7;80
471;0;10
471;1;20
471;2;30
471;3;40
471;4;50
471;5;60
471;6;70
471;7;80
472;0;80
472;1;70
472;2;60
472;3;50
472;4;40
472;5;30
472;6;20
472;7;10
473;0;80
473;1;70
473;2;60
473;3;50
473;4;40
473;5;30
473;6;20
473;7;10
474;0;80
474;1;70
474;2;60
474;3;50
474;4;40
474;5;30
474;6;20
474;7;10
475;0;10
475;1;10
475;2;10
475;3;10
475;4;10
475;5;10
475;6;10
475;7;10
476;0;10
476;1;20
476;2;30
476;3;40
476;4;50
476;5;60
476;6;70
476;7;80
477;0;10
477;1;20
477;2;30
477;3;40
477;4;50
477;5;60
477;6;70
477;7;80
478;0;10
478;1;20
478;2;30
478;3;40
478;4;50
478;5;60
478;6;70
478;7;80
479;0;10
479;1;20
479;2;30
479;3;40
479;4;50
479;5;60
479;6;70
479;7;80
480;0;80
480;1;70
480;2;60
480;3;50
480;4;40
480;5;30
480;6;20
480;7;10
481;0;10
481;1;10
481;2;10
481;3;10
481;4;10
481;5;10
481;6;10
481;7;10
482;0;10
482;1;20
482;2;30
482;3;40
482;4;50
482;5;60
482;6;70
482;7;80
483;0;10
483;1;20
483;2;30
483;3;40
483;4;50
483;5;60
483;6;70
483;7;80
484;0;10
484;1;20
484;2;30
484;3;40
484;4;50
484;5;60
484;6;70
484;7;80
485;0;10
485;1;20
485;2;30
485;3;40
485;4;50
485;5;60
485;6;70
485;7;80
486;0;10
486;1;10
486;2;10
486;3;10
486;4;10
486;5;10
486;6;10
486;7;10
487;0;10
487;1;10
487;2;10
487;3;10
487;4;10
487;5;10
487;6;10
487;7;10
488;0;80
488;1;70
488;2;60
488;3;50
488;4;40
488;5;30
488;6;20
488;7;10
489;0;10
489;1;10
489;2;10
489;3;10
489;4;10
489;5;10
489;6;10
489;7;10
490;0;80
490;1;70
490;2;60
490;3;50
490;4;40
490;5;30
490;6;20
490;7;10
491;0;80
491;1;70
491;2;60
491;3;50
491;4;40
491;5;30
491;6;20
491;7;10
492;0;10
492;1;10
492;2;10
492;3;10
492;4;10
492;5;10
492;6;10
492;7;10
493;0;10
493;1;10
493;2;10
493;3;10
493;4;10
493;5;10
493;6;10
493;7;10
494;0;80
494;1;70
494;2;60
494;3;50
494;4;40
494;5;30
494;6;20
494;7;10
495;0;10
495;1;10
495;2;10
495;3;10
495;4;10
495;5;10
495;6;10
495;7;10
496;0;80
496;1;70
496;2;60
496;3;50
496;4;40
496;5;30
496;6;20
496;7;10
497;0;10
497;1;10
497;2;10
497;3;10
497;4;10
497;5;10
497;6;10
497;7;10
498;0;80
498;1;70
498;2;60
498;3;50
498;4;40
498;5;30
498;6;20
498;7;10
499;0;80
499;1;70
499;2;60
499;3;50
499;4;40
499;5;30
499;6;20
499;7;10
500;0;80
500;1;70
500;2;60
500;3;50
500;4;40
500;5;30
500;6;20
500;7;10
501;0;10
501;1;20
501;2;30
501;3;40
501;4;50
501;5;60
501;6;70
501;7;80
502;0;10
502;1;10
502;2;10
502;3;10
502;4;10
502;5;10
502;6;10
502;7;10
503;0;80
503;1;70
503;2;60
503;3;50
503;4;40
503;5;30
503;6;20
503;7;10
504;0;10
504;1;10
504;2;10
504;3;10
504;4;10
504;5;10
504;6;10
504;7;10
505;0;80
505;1;70
505;2;60
505;3;50
505;4;40
505;5;30
505;6;20
505;7;10
506;0;10
506;1;10
506;2;10
506;3;10
506;4;10
506;5;10
506;6;10
506;7;10
507;0;10
507;1;20
507;2;30
507;3;40
507;4;50
507;5;60
507;6;70
507;7;80
508;0;10
508;1;20
508;2;30
508;3;40
508;4;50
508;5;60
508;6;70
508;7;80
509;0;10
509;1;10
509;2;10
509;3;10
509;4;10
509;5;10
509;6;10
509;7;10
510;0;80
510;1;70
510;2;60
510;3;50
510;4;40
510;5;30
510;6;20
510;7;10
511;0;10
511;1;10
511;2;10
511;3;10
511;4;10
511;5;10
511;6;10
511;7;10
512;0;80
512;1;70
512;2;60
512;3;50
512;4;40
512;5;30
512;6;20
512;7;10
513;0;10
513;1;20
513;2;30
513;3;40
513;4;50
513;5;60
513;6;70
513;7;80
514;0;10
514;1;20
514;2;30
514;3;40
514;4;50
514;5;60
514;6;70
514;7;80
515;0;10
515;1;20
515;2;30
515;3;40
515;4;50
515;5;60
515;6;70
515;7;80
516;0;10
516;1;10
516;2;10
516;3;10
516;4;10
516;5;10
516;6;10
516;7;10
517;0;10
517;1;20
517;2;30
517;3;40
517;4;50
517;5;60
517;6;70
517;7;80
518;0;80
518;1;70
518;2;60
518;3;50
518;4;40
518;5;30
518;6;20
518;7;10
519;0;10
519;1;20
519;2;30
519;3;40
519;4;50
519;5;60
519;6;70
519;7;80
520;0;10
520;1;20
520;2;30
520;3;40
520;4;50
520;5;60
520;6;70
520;7;80
521;0;10
521;1;10
521;2;10
521;3;10
521;4;10
521;5;10
521;6;10
521;7;10
522;0;10
522;1;20
522;2;30
522;3;40
522;4;50
522;5;60
522;6;70
522;7;80
523;0;10
523;1;20
523;2;30
523;3;40
523;4;50
523;5;60
523;6;70
523;7;80
524;0;10
524;1;20
524;2;30
524;3;40
524;4;50
524;5;60
524;6;70
524;7;80
525;0;10
525;1;10
525;2;10
525;3;10
525;4;10
525;5;10
525;6;10
525;7;10
526;0;10
526;1;20
526;2;30
526;3;40
526;4;50
526;5;60
526;6;70
526;7;80
527;0;10
527;1;10
527;2;10
527;3;10
527;4;10
527;5;10
527;6;10
527;7;10
528;0;10
528;1;20
528;2;30
528;3;40
528;4;50
528;5;60
528;6;70
528;7;80
529;0;10
529;1;20
529;2;30
529;3;40
529;4;50
529;5;60
529;6;70
529;7;80
530;0;80
530;1;70
530;2;60
530;3;50
530;4;40
530;5;30
530;6;20
530;7;10
531;0;10
531;1;20
531;2;30
531;3;40
531;4;50
531;5;60
531;6;70
531;7;80
532;0;80
532;1;70
532;2;60
532;3;50
532;4;40
532;5;30
532;6;20
532;7;10
533;0;10
533;1;10
533;2;10
533;3;10
533;4;10
533;5;10
533;6;10
533;7;10
534;0;10
534;1;20
534;2;30
534;3;40
534;4;50
534;5;60
534;6;70
534;7;80
535;0;10
535;1;20
535;2;30
535;3;40
535;4;50
535;5;60
535;6;70
535;7;80
536;0;10
536;1;20
536;2;30
536;3;40
536;4;50
536;5;60
536;6;70
536;7;80
537;0;10
537;1;20
537;2;30
537;3;40
537;4;50
537;5;60
537;6;70
537;7;80
538;0;10
538;1;20
538;2;30
538;3;40
538;4;50
538;5;60
538;6;70
538;7;80
539;0;80
539;1;70
539;2;60
539;3;50
539;4;40
539;5;30
539;6;20
539;7;10
540;0;10
540;1;10
540;2;10
540;3;10
540;4;10
540;5;10
540;6;10
540;7;10
541;0;10
541;1;10
541;2;10
541;3;10
541;4;10
541;5;10
541;6;10
541;7;10
542;0;10
542;1;10
542;2;10
542;3;10
542;4;10
542;5;10
542;6;10
542;7;10
543;0;80
543;1;70
543;2;60
543;3;50
543;4;40
543;5;30
543;6;20
543;7;10
544;0;10
544;1;20
544;2;30
544;3;40
544;4;50
544;5;60
544;6;70
544;7;80
545;0;80
545;1;70
545;2;60
545;3;50
545;4;40
545;5;30
545;6;20
545;7;10
546;0;10
546;1;10
546;2;10
546;3;10
546;4;10
546;5;10
546;6;10
546;7;10
547;0;80
547;1;70
547;2;60
547;3;50
547;4;40
547;5;30
547;6;20
547;7;10
548;0;10
548;1;10
548;2;10
548;3;10
548;4;10
548;5;10
548;6;10
548;7;10
549;0;10
549;1;20
549;2;30
549;3;40
549;4;50
549;5;60
549;6;70
549;7;80
550;0;80
550;1;70
550;2;60
550;3;50
550;4;40
550;5;30
550;6;20
550;7;10
551;0;10
551;1;10
551;2;10
551;3;10
551;4;10
551;5;10
551;6;10
551;7;10
552;0;80
552;1;70
552;2;60
552;3;50
552;4;40
552;5;30
552;6;20
552;7;10
553;0;10
553;1;20
553;2;30
553;3;40
553;4;50
553;5;60
553;6;70
553;7;80
554;0;10
554;1;10
554;2;10
554;3;10
554;4;10
554;5;10
554;6;10
554;7;10
555;0;10
555;1;10
555;2;10
555;3;10
555;4;10
555;5;10
555;6;10
555;7;10
556;0;10
556;1;20
556;2;30
556;3;40
556;4;50
556;5;60
556;6;70
556;7;80
557;0;10
557;1;10
557;2;10
557;3;10
557;4;10
557;5;10
557;6;10
557;7;10
558;0;10
558;1;10
558;2;10
558;3;10
558;4;10
558;5;10
558;6;10
558;7;10
559;0;10
559;1;10
559;2;10
559;3;10
559;4;10
559;5;10
559;6;10
559;7;10
560;0;80
560;1;70
560;2;60
560;3;50
560;4;40
560;5;30
560;6;20
560;7;10
