500;250;1164
0;0;50
1;0;50
1;1;10
1;3;100
2;0;10
2;4;10
2;6;10
3;1;10
3;2;70
3;3;70
3;7;100
3;9;70
4;2;50
4;3;50
4;10;100
4;12;10
5;2;50
5;3;10
5;13;10
5;15;50
6;4;10
6;5;50
6;6;100
6;16;70
6;18;10
7;5;70
7;6;50
7;19;10
7;21;70
8;5;100
8;6;10
8;22;100
8;24;70
9;7;70
9;8;50
9;9;10
9;25;10
9;27;70
10;8;10
10;9;10
10;28;100
10;30;50
11;8;50
11;9;70
11;31;50
11;33;70
12;8;70
12;9;10
12;34;50
12;36;10
13;10;10
13;11;70
13;12;50
13;37;70
13;39;100
14;11;50
14;12;10
14;40;50
14;42;100
15;11;10
15;12;10
15;43;100
15;45;50
16;11;100
16;12;70
16;46;70
16;48;10
17;13;10
17;14;100
17;15;50
17;49;100
17;51;50
18;14;50
18;15;70
18;52;100
18;54;50
19;14;70
19;15;70
19;55;50
19;57;50
20;14;50
20;15;50
20;58;50
20;60;100
21;16;50
21;17;50
21;18;70
21;61;70
21;63;10
22;17;50
22;18;10
22;64;10
22;66;50
23;17;10
23;18;50
23;67;100
23;69;10
24;17;100
24;18;70
24;70;10
24;72;50
25;19;10
25;20;70
25;21;70
25;73;10
25;75;70
26;20;50
26;21;10
26;76;100
26;78;70
27;20;10
27;21;50
27;79;10
27;81;100
28;20;100
28;21;10
28;82;10
28;84;70
29;22;50
29;23;100
29;24;10
29;85;50
29;87;70
30;23;100
30;24;100
30;88;10
30;90;50
31;23;100
31;24;10
31;91;10
31;93;100
32;23;100
32;24;50
32;94;70
32;96;70
33;25;70
33;26;50
33;27;100
33;97;10
33;99;10
34;26;50
34;27;100
34;100;70
34;102;70
35;26;100
35;27;10
35;103;70
35;105;100
36;26;100
36;27;50
36;106;10
36;108;100
37;26;70
37;27;50
37;109;70
37;111;50
38;28;100
38;29;100
38;30;70
38;112;50
38;114;100
39;29;100
39;30;100
39;115;70
39;117;70
40;29;100
40;30;50
40;118;10
40;120;100
41;29;100
41;30;100
41;121;50
41;123;70
42;29;10
42;30;70
42;124;50
42;126;50
43;31;70
43;32;100
43;33;70
43;127;70
43;129;10
44;32;100
44;33;10
44;130;50
44;132;50
45;32;70
45;33;70
45;133;70
45;135;70
46;32;100
46;33;50
46;136;100
46;138;100
47;32;10
47;33;100
47;139;10
47;141;100
48;34;100
48;35;100
48;36;50
48;142;100
48;144;10
49;35;70
49;36;50
49;145;100
49;147;10
50;35;10
50;36;50
50;148;10
50;150;70
51;35;100
51;36;10
51;151;100
51;153;100
52;35;100
52;36;100
52;154;10
52;156;100
53;37;100
53;38;100
53;39;100
53;157;50
53;159;10
54;38;50
54;39;50
54;160;100
54;162;50
55;38;10
55;39;10
55;163;70
55;165;100
56;38;70
56;39;10
56;166;50
56;168;10
57;38;50
57;39;50
57;169;50
57;171;100
58;40;10
58;41;50
58;42;100
58;172;100
58;174;10
59;41;70
59;42;100
59;175;70
59;177;50
60;41;50
60;42;10
60;178;100
60;180;70
61;41;50
61;42;10
61;181;70
61;183;50
62;41;70
62;42;10
62;184;50
62;186;100
63;43;10
63;44;50
63;45;10
63;187;50
63;189;10
64;44;100
64;45;50
64;190;100
64;192;50
65;44;100
65;45;100
65;193;70
65;195;100
66;44;70
66;45;50
66;196;100
66;198;100
67;44;10
67;45;100
67;199;50
67;201;100
68;46;100
68;47;50
68;48;100
68;202;70
68;204;70
69;47;100
69;48;10
69;205;70
69;207;10
70;47;50
70;48;50
70;208;70
70;210;100
71;47;50
71;48;10
71;211;70
71;213;70
72;47;100
72;48;50
72;214;70
72;216;70
73;49;100
73;50;10
73;51;50
73;217;70
73;219;100
74;50;50
74;51;10
74;220;100
74;222;70
75;50;100
75;51;50
75;223;10
75;225;10
76;50;10
76;51;70
76;226;100
76;228;70
77;50;70
77;51;100
77;229;100
77;231;100
78;52;70
78;53;70
78;54;70
78;232;10
78;234;10
79;53;70
79;54;100
79;235;50
79;237;70
80;53;50
80;54;50
80;238;10
80;240;50
81;53;70
81;54;70
81;241;100
81;243;50
82;53;100
82;54;50
82;244;100
82;246;70
83;55;50
83;56;100
83;57;10
83;247;70
83;249;10
84;56;10
84;57;70
85;56;10
85;57;10
86;56;50
86;57;50
87;56;70
87;57;10
88;58;50
88;59;50
88;60;100
89;59;100
89;60;10
90;59;100
90;60;100
91;59;50
91;60;50
92;59;10
92;60;70
93;61;100
93;62;100
93;63;100
94;62;70
94;63;70
95;62;70
95;63;10
96;62;100
96;63;100
97;62;10
97;63;10
98;64;70
98;65;100
98;66;50
99;65;70
99;66;100
100;65;50
100;66;100
101;65;10
101;66;70
102;65;50
102;66;50
103;67;100
103;68;10
103;69;10
104;68;10
104;69;10
105;68;100
105;69;10
106;68;50
106;69;100
107;68;50
107;69;10
108;70;50
108;71;100
108;72;50
109;71;100
109;72;10
110;71;10
110;72;50
111;71;50
111;72;70
112;71;50
112;72;10
113;73;70
113;74;10
113;75;50
114;74;50
114;75;50
115;74;70
115;75;10
116;74;10
116;75;10
117;74;50
117;75;70
118;76;100
118;77;10
118;78;10
119;77;50
119;78;50
120;77;70
120;78;10
121;77;10
121;78;70
122;77;10
122;78;70
123;79;10
123;80;70
123;81;70
124;80;70
124;81;100
125;80;70
125;81;70
126;80;50
126;81;70
127;80;50
127;81;10
128;82;10
128;83;50
128;84;50
129;83;70
129;84;10
130;83;10
130;84;10
131;83;10
131;84;100
132;83;50
132;84;100
133;85;10
133;86;50
133;87;10
134;86;70
134;87;100
135;86;50
135;87;10
136;86;70
136;87;100
137;86;70
137;87;10
138;88;50
138;89;100
138;90;50
139;89;50
139;90;10
140;89;100
140;90;70
141;89;70
141;90;70
142;89;100
142;90;100
143;91;70
143;92;10
143;93;70
144;92;10
144;93;100
145;92;70
145;93;100
146;92;100
146;93;50
147;92;100
147;93;50
148;94;50
148;95;50
148;96;10
149;95;70
149;96;50
150;95;100
150;96;100
151;95;70
151;96;70
152;95;10
152;96;50
153;97;50
153;98;10
153;99;70
154;98;70
154;99;10
155;98;100
155;99;70
156;98;50
156;99;50
157;98;50
157;99;100
158;98;50
158;99;10
159;100;70
159;101;70
159;102;10
160;101;100
160;102;70
161;101;10
161;102;50
162;101;50
162;102;50
163;101;100
163;102;70
164;101;100
164;102;50
165;103;10
165;104;10
165;105;70
166;104;100
166;105;50
167;104;70
167;105;50
168;104;10
168;105;10
169;104;10
169;105;10
170;104;70
170;105;10
171;106;50
171;107;50
171;108;100
172;107;50
172;108;70
173;107;10
173;108;70
174;107;70
174;108;50
175;107;70
175;108;100
176;107;50
176;108;100
177;109;100
177;110;100
177;111;70
178;110;70
178;111;50
179;110;70
179;111;10
180;110;10
180;111;100
181;110;100
181;111;50
182;110;10
182;111;100
183;112;10
183;113;10
183;114;100
184;113;50
184;114;10
185;113;100
185;114;50
186;113;100
186;114;100
187;113;100
187;114;10
188;113;50
188;114;100
189;115;70
189;116;50
189;117;70
190;116;70
190;117;10
191;116;50
191;117;100
192;116;10
192;117;50
193;116;100
193;117;50
194;116;10
194;117;100
195;118;100
195;119;10
195;120;70
196;119;70
196;120;10
197;119;10
197;120;100
198;119;10
198;120;50
199;119;100
199;120;10
200;119;70
200;120;50
201;121;10
201;122;70
201;123;50
202;122;70
202;123;100
203;122;100
203;123;100
204;122;70
204;123;100
205;122;50
205;123;70
206;122;100
206;123;10
207;124;10
207;125;70
207;126;50
208;125;50
208;126;10
209;125;70
209;126;100
210;125;50
210;126;70
211;125;100
211;126;10
212;125;70
212;126;50
213;127;100
213;128;10
213;129;50
214;128;100
214;129;10
215;128;70
215;129;10
216;128;50
216;129;50
217;128;100
217;129;70
218;128;10
218;129;100
219;130;10
219;131;50
219;132;100
220;131;10
220;132;70
221;131;100
221;132;50
222;131;10
222;132;10
223;131;50
223;132;70
224;131;70
224;132;70
225;133;50
225;134;100
225;135;70
226;134;10
226;135;50
227;134;100
227;135;10
228;134;100
228;135;50
229;134;10
229;135;10
230;134;50
230;135;100
231;136;50
231;137;10
231;138;50
232;137;10
232;138;50
233;137;50
233;138;50
234;137;70
234;138;10
235;137;100
235;138;50
236;137;50
236;138;70
237;139;10
237;140;100
237;141;50
238;140;70
238;141;100
239;140;100
239;141;100
240;140;10
240;141;70
241;140;100
241;141;50
242;140;70
242;141;100
243;142;10
243;143;10
243;144;50
244;143;100
244;144;10
245;143;70
245;144;10
246;143;50
246;144;100
247;143;100
247;144;50
248;143;100
248;144;10
249;145;50
249;146;50
249;147;50
250;146;50
250;147;50
251;146;50
251;147;10
252;146;100
252;147;50
253;146;50
253;147;50
254;146;100
254;147;70
255;148;50
255;149;100
255;150;70
256;149;10
256;150;100
257;149;100
257;150;70
258;149;100
258;150;50
259;149;100
259;150;10
260;149;10
260;150;10
261;151;10
261;152;70
261;153;70
262;152;100
262;153;100
263;152;10
263;153;100
264;152;100
264;153;70
265;152;10
265;153;70
266;152;10
266;153;50
267;154;10
267;155;70
267;156;70
268;155;10
268;156;50
269;155;10
269;156;50
270;155;100
270;156;50
271;155;50
271;156;70
272;155;70
272;156;70
273;157;50
273;158;100
273;159;10
274;158;100
274;159;70
275;158;10
275;159;50
276;158;10
276;159;70
277;158;70
277;159;10
278;158;70
278;159;50
279;160;70
279;161;10
279;162;50
280;161;10
280;162;70
281;161;100
281;162;100
282;161;50
282;162;100
283;161;10
283;162;50
284;161;50
284;162;70
285;163;70
285;164;10
285;165;50
286;164;10
286;165;10
287;164;10
287;165;10
288;164;50
288;165;70
289;164;50
289;165;100
290;164;100
290;165;100
291;166;50
291;167;10
291;168;50
292;167;50
292;168;100
293;167;10
293;168;10
294;167;10
294;168;10
295;167;70
295;168;10
296;167;10
296;168;70
297;169;100
297;170;100
297;171;10
298;170;70
298;171;70
299;170;10
299;171;10
300;170;100
300;171;10
301;170;50
301;171;100
302;170;10
302;171;10
303;172;50
303;173;50
303;174;100
304;173;70
304;174;100
305;173;70
305;174;50
306;173;10
306;174;70
307;173;100
307;174;70
308;173;100
308;174;100
309;175;100
309;176;50
309;177;10
310;176;70
310;177;100
311;176;50
311;177;70
312;176;50
312;177;10
313;176;70
313;177;50
314;176;70
314;177;50
315;178;70
315;179;70
315;180;10
316;179;70
316;180;50
317;179;100
317;180;70
318;179;50
318;180;70
319;179;70
319;180;70
320;179;50
320;180;50
321;181;70
321;182;70
321;183;100
322;182;100
322;183;70
323;182;70
323;183;70
324;182;70
324;183;10
325;182;70
325;183;10
326;182;100
326;183;100
327;184;10
327;185;100
327;186;70
328;185;100
328;186;70
329;185;70
329;186;10
330;185;70
330;186;10
331;185;100
331;186;50
332;185;100
332;186;50
333;187;10
333;188;10
333;189;70
334;188;100
334;189;50
335;188;50
335;189;100
336;188;70
336;189;50
337;188;50
337;189;50
338;188;70
338;189;50
339;190;70
339;191;70
339;192;50
340;191;50
340;192;10
341;191;100
341;192;10
342;191;70
342;192;70
343;191;70
343;192;70
344;191;10
344;192;50
345;193;50
345;194;50
345;195;100
346;194;100
346;195;10
347;194;50
347;195;10
348;194;70
348;195;70
349;194;10
349;195;50
350;194;10
350;195;70
351;196;70
351;197;10
351;198;100
352;197;70
352;198;10
353;197;70
353;198;50
354;197;50
354;198;70
355;197;50
355;198;10
356;197;10
356;198;10
357;199;50
357;200;70
357;201;70
358;200;10
358;201;70
359;200;100
359;201;100
360;200;10
360;201;70
361;200;70
361;201;100
362;200;10
362;201;10
363;202;50
363;203;10
363;204;100
364;203;70
364;204;50
365;203;50
365;204;100
366;203;50
366;204;50
367;203;50
367;204;50
368;203;70
368;204;70
369;205;70
369;206;50
369;207;50
370;206;50
370;207;70
371;206;50
371;207;100
372;206;100
372;207;10
373;206;10
373;207;10
374;206;50
374;207;50
375;208;100
375;209;10
375;210;50
376;209;70
376;210;10
377;209;10
377;210;100
378;209;50
378;210;50
379;209;10
379;210;70
380;209;10
380;210;70
381;211;10
381;212;50
381;213;70
382;212;10
382;213;10
383;212;70
383;213;50
384;212;100
384;213;50
385;212;70
385;213;50
386;212;10
386;213;100
387;214;10
387;215;10
387;216;100
388;215;100
388;216;100
389;215;10
389;216;10
390;215;70
390;216;10
391;215;10
391;216;10
392;215;100
392;216;10
393;217;100
393;218;70
393;219;100
394;218;10
394;219;10
395;218;70
395;219;100
396;218;50
396;219;100
397;218;70
397;219;100
398;218;50
398;219;100
399;220;50
399;221;100
399;222;70
400;221;10
400;222;70
401;221;70
401;222;50
402;221;100
402;222;10
403;221;100
403;222;10
404;221;10
404;222;50
405;223;50
405;224;50
405;225;10
406;224;10
406;225;70
407;224;50
407;225;50
408;224;10
408;225;50
409;224;10
409;225;70
410;224;10
410;225;50
411;226;50
411;227;50
411;228;100
412;227;100
412;228;10
413;227;10
413;228;50
414;227;10
414;228;10
415;227;100
415;228;100
416;227;100
416;228;100
417;229;10
417;230;100
417;231;100
418;230;100
418;231;100
419;230;10
419;231;100
420;230;10
420;231;100
421;230;10
421;231;50
422;230;10
422;231;50
423;232;10
423;233;50
423;234;100
424;233;50
424;234;50
425;233;100
425;234;70
426;233;70
426;234;10
427;233;10
427;234;50
428;233;70
428;234;50
429;235;10
429;236;100
429;237;100
430;236;100
430;237;10
431;236;50
431;237;70
432;236;100
432;237;50
433;236;50
433;237;70
434;236;50
434;237;10
435;238;10
435;239;100
435;240;50
436;239;50
436;240;10
437;239;10
437;240;100
438;239;10
438;240;100
439;239;10
439;240;70
440;239;70
440;240;10
441;241;100
441;242;70
441;243;100
442;242;10
442;243;100
443;242;10
443;243;50
444;242;50
444;243;70
445;242;70
445;243;10
446;242;70
446;243;10
447;244;100
447;245;100
447;246;100
448;245;100
448;246;50
449;245;70
449;246;10
450;245;50
450;246;50
451;245;70
451;246;100
452;245;50
452;246;100
453;247;10
453;248;10
453;249;10
454;248;70
454;249;50
455;248;10
455;249;10
456;248;70
456;249;10
457;248;70
457;249;50
458;248;50
458;249;100
0;0;10
0;1;20
0;2;30
0;3;40
0;4;50
0;5;60
0;6;70
0;7;80
1;0;80
1;1;70
1;2;60
1;3;50
1;4;40
1;5;30
1;6;20
1;7;10
2;0;80
2;1;70
2;2;60
2;3;50
2;4;40
2;5;30
2;6;20
2;7;10
3;0;10
3;1;20
3;2;30
3;3;40
3;4;50
3;5;60
3;6;70
3;7;80
4;0;10
4;1;20
4;2;30
4;3;40
4;4;50
4;5;60
4;6;70
4;7;80
5;0;80
5;1;70
5;2;60
5;3;50
5;4;40
5;5;30
5;6;20
5;7;10
6;0;80
6;1;70
6;2;60
6;3;50
6;4;40
6;5;30
6;6;20
6;7;10
7;0;10
7;1;10
7;2;10
7;3;10
7;4;10
7;5;10
7;6;10
7;7;10
8;0;10
8;1;10
8;2;10
8;3;10
8;4;10
8;5;10
8;6;10
8;7;10
9;0;10
9;1;10
9;2;10
9;3;10
9;4;10
9;5;10
9;6;10
9;7;10
10;0;80
10;1;70
10;2;60
10;3;50
10;4;40
10;5;30
10;6;20
10;7;10
11;0;80
11;1;70
11;2;60
11;3;50
11;4;40
11;5;30
11;6;20
11;7;10
12;0;10
12;1;10
12;2;10
12;3;10
12;4;10
12;5;10
12;6;10
12;7;10
13;0;80
13;1;70
13;2;60
13;3;50
13;4;40
13;5;30
13;6;20
13;7;10
14;0;10
14;1;10
14;2;10
14;3;10
14;4;10
14;5;10
14;6;10
14;7;10
15;0;80
15;1;70
15;2;60
15;3;50
15;4;40
15;5;30
15;6;20
15;7;10
16;0;10
16;1;20
16;2;30
16;3;40
16;4;50
16;5;60
16;6;70
16;7;80
17;0;10
17;1;10
17;2;10
17;3;10
17;4;10
17;5;10
17;6;10
17;7;10
18;0;80
18;1;70
18;2;60
18;3;50
18;4;40
18;5;30
18;6;20
18;7;10
19;0;80
19;1;70
19;2;60
19;3;50
19;4;40
19;5;30
19;6;20
19;7;10
20;0;10
20;1;20
20;2;30
20;3;40
20;4;50
20;5;60
20;6;70
20;7;80
21;0;10
21;1;10
21;2;10
21;3;10
21;4;10
21;5;10
21;6;10
21;7;10
22;0;10
22;1;20
22;2;30
22;3;40
22;4;50
22;5;60
22;6;70
22;7;80
23;0;10
23;1;10
23;2;10
23;3;10
23;4;10
23;5;10
23;6;10
23;7;10
24;0;80
24;1;70
24;2;60
24;3;50
24;4;40
24;5;30
24;6;20
24;7;10
25;0;10
25;1;20
25;2;30
25;3;40
25;4;50
25;5;60
25;6;70
25;7;80
26;0;10
26;1;20
26;2;30
26;3;40
26;4;50
26;5;60
26;6;70
26;7;80
27;0;10
27;1;10
27;2;10
27;3;10
27;4;10
27;5;10
27;6;10
27;7;10
28;0;80
28;1;70
28;2;60
28;3;50
28;4;40
28;5;30
28;6;20
28;7;10
29;0;80
29;1;70
29;2;60
29;3;50
29;4;40
29;5;30
29;6;20
29;7;10
30;0;10
30;1;10
30;2;10
30;3;10
30;4;10
30;5;10
30;6;10
30;7;10
31;0;10
31;1;10
31;2;10
31;3;10
31;4;10
31;5;10
31;6;10
31;7;10
32;0;10
32;1;20
32;2;30
32;3;40
32;4;50
32;5;60
32;6;70
32;7;80
33;0;80
33;1;70
33;2;60
33;3;50
33;4;40
33;5;30
33;6;20
33;7;10
34;0;10
34;1;20
34;2;30
34;3;40
34;4;50
34;5;60
34;6;70
34;7;80
35;0;10
35;1;10
35;2;10
35;3;10
35;4;10
35;5;10
35;6;10
35;7;10
36;0;10
36;1;10
36;2;10
36;3;10
36;4;10
36;5;10
36;6;10
36;7;10
37;0;80
37;1;70
37;2;60
37;3;50
37;4;40
37;5;30
37;6;20
37;7;10
38;0;80
38;1;70
38;2;60
38;3;50
38;4;40
38;5;30
38;6;20
38;7;10
39;0;10
39;1;20
39;2;30
39;3;40
39;4;50
39;5;60
39;6;70
39;7;80
40;0;10
40;1;10
40;2;10
40;3;10
40;4;10
40;5;10
40;6;10
40;7;10
41;0;10
41;1;20
41;2;30
41;3;40
41;4;50
41;5;60
41;6;70
41;7;80
42;0;10
42;1;20
42;2;30
42;3;40
42;4;50
42;5;60
42;6;70
42;7;80
43;0;80
43;1;70
43;2;60
43;3;50
43;4;40
43;5;30
43;6;20
43;7;10
44;0;80
44;1;70
44;2;60
44;3;50
44;4;40
44;5;30
44;6;20
44;7;10
45;0;10
45;1;20
45;2;30
45;3;40
45;4;50
45;5;60
45;6;70
45;7;80
46;0;10
46;1;20
46;2;30
46;3;40
46;4;50
46;5;60
46;6;70
46;7;80
47;0;80
47;1;70
47;2;60
47;3;50
47;4;40
47;5;30
47;6;20
47;7;10
48;0;80
48;1;70
48;2;60
48;3;50
48;4;40
48;5;30
48;6;20
48;7;10
49;0;10
49;1;20
49;2;30
49;3;40
49;4;50
49;5;60
49;6;70
49;7;80
50;0;10
50;1;10
50;2;10
50;3;10
50;4;10
50;5;10
50;6;10
50;7;10
51;0;10
51;1;20
51;2;30
51;3;40
51;4;50
51;5;60
51;6;70
51;7;80
52;0;80
52;1;70
52;2;60
52;3;50
52;4;40
52;5;30
52;6;20
52;7;10
53;0;10
53;1;10
53;2;10
53;3;10
53;4;10
53;5;10
53;6;10
53;7;10
54;0;10
54;1;20
54;2;30
54;3;40
54;4;50
54;5;60
54;6;70
54;7;80
55;0;80
55;1;70
55;2;60
55;3;50
55;4;40
55;5;30
55;6;20
55;7;10
56;0;10
56;1;20
56;2;30
56;3;40
56;4;50
56;5;60
56;6;70
56;7;80
57;0;10
57;1;10
57;2;10
57;3;10
57;4;10
57;5;10
57;6;10
57;7;10
58;0;10
58;1;10
58;2;10
58;3;10
58;4;10
58;5;10
58;6;10
58;7;10
59;0;80
59;1;70
59;2;60
59;3;50
59;4;40
59;5;30
59;6;20
59;7;10
60;0;10
60;1;20
60;2;30
60;3;40
60;4;50
60;5;60
60;6;70
60;7;80
61;0;10
61;1;20
61;2;30
61;3;40
61;4;50
61;5;60
61;6;70
61;7;80
62;0;10
62;1;20
62;2;30
62;3;40
62;4;50
62;5;60
62;6;70
62;7;80
63;0;80
63;1;70
63;2;60
63;3;50
63;4;40
63;5;30
63;6;20
63;7;10
64;0;80
64;1;70
64;2;60
64;3;50
64;4;40
64;5;30
64;6;20
64;7;10
65;0;10
65;1;20
65;2;30
65;3;40
65;4;50
65;5;60
65;6;70
65;7;80
66;0;10
66;1;20
66;2;30
66;3;40
66;4;50
66;5;60
66;6;70
66;7;80
67;0;80
67;1;70
67;2;60
67;3;50
67;4;40
67;5;30
67;6;20
67;7;10
68;0;80
68;1;70
68;2;60
68;3;50
68;4;40
68;5;30
68;6;20
68;7;10
69;0;10
69;1;10
69;2;10
69;3;10
69;4;10
69;5;10
69;6;10
69;7;10
70;0;80
70;1;70
70;2;60
70;3;50
70;4;40
70;5;30
70;6;20
70;7;10
71;0;10
71;1;10
71;2;10
71;3;10
71;4;10
71;5;10
71;6;10
71;7;10
72;0;10
72;1;20
72;2;30
72;3;40
72;4;50
72;5;60
72;6;70
72;7;80
73;0;10
73;1;10
73;2;10
73;3;10
73;4;10
73;5;10
73;6;10
73;7;10
74;0;10
74;1;10
74;2;10
74;3;10
74;4;10
74;5;10
74;6;10
74;7;10
75;0;80
75;1;70
75;2;60
75;3;50
75;4;40
75;5;30
75;6;20
75;7;10
76;0;10
76;1;20
76;2;30
76;3;40
76;4;50
76;5;60
76;6;70
76;7;80
77;0;10
77;1;20
77;2;30
77;3;40
77;4;50
77;5;60
77;6;70
77;7;80
78;0;10
78;1;10
78;2;10
78;3;10
78;4;10
78;5;10
78;6;10
78;7;10
79;0;10
79;1;20
79;2;30
79;3;40
79;4;50
79;5;60
79;6;70
79;7;80
80;0;10
80;1;20
80;2;30
80;3;40
80;4;50
80;5;60
80;6;70
80;7;80
81;0;10
81;1;20
81;2;30
81;3;40
81;4;50
81;5;60
81;6;70
81;7;80
82;0;10
82;1;20
82;2;30
82;3;40
82;4;50
82;5;60
82;6;70
82;7;80
83;0;10
83;1;10
83;2;10
83;3;10
83;4;10
83;5;10
83;6;10
83;7;10
84;0;10
84;1;20
84;2;30
84;3;40
84;4;50
84;5;60
84;6;70
84;7;80
85;0;80
85;1;70
85;2;60
85;3;50
85;4;40
85;5;30
85;6;20
85;7;10
86;0;10
86;1;20
86;2;30
86;3;40
86;4;50
86;5;60
86;6;70
86;7;80
87;0;10
87;1;20
87;2;30
87;3;40
87;4;50
87;5;60
87;6;70
87;7;80
88;0;10
88;1;10
88;2;10
88;3;10
88;4;10
88;5;10
88;6;10
88;7;10
89;0;10
89;1;10
89;2;10
89;3;10
89;4;10
89;5;10
89;6;10
89;7;10
90;0;10
90;1;20
90;2;30
90;3;40
90;4;50
90;5;60
90;6;70
90;7;80
91;0;80
91;1;70
91;2;60
91;3;50
91;4;40
91;5;30
91;6;20
91;7;10
92;0;10
92;1;20
92;2;30
92;3;40
92;4;50
92;5;60
92;6;70
92;7;80
93;0;10
93;1;10
93;2;10
93;3;10
93;4;10
93;5;10
93;6;10
93;7;10
94;0;10
94;1;10
94;2;10
94;3;10
94;4;10
94;5;10
94;6;10
94;7;10
95;0;80
95;1;70
95;2;60
95;3;50
95;4;40
95;5;30
95;6;20
95;7;10
96;0;80
96;1;70
96;2;60
96;3;50
96;4;40
96;5;30
96;6;20
96;7;10
97;0;10
97;1;20
97;2;30
97;3;40
97;4;50
97;5;60
97;6;70
97;7;80
98;0;10
98;1;20
98;2;30
98;3;40
98;4;50
98;5;60
98;6;70
98;7;80
99;0;10
99;1;20
99;2;30
99;3;40
99;4;50
99;5;60
99;6;70
99;7;80
100;0;10
100;1;10
100;2;10
100;3;10
100;4;10
100;5;10
100;6;10
100;7;10
101;0;10
101;1;20
101;2;30
101;3;40
101;4;50
101;5;60
101;6;70
101;7;80
102;0;80
102;1;70
102;2;60
102;3;50
102;4;40
102;5;30
102;6;20
102;7;10
103;0;80
103;1;70
103;2;60
103;3;50
103;4;40
103;5;30
103;6;20
103;7;10
104;0;80
104;1;70
104;2;60
104;3;50
104;4;40
104;5;30
104;6;20
104;7;10
105;0;80
105;1;70
105;2;60
105;3;50
105;4;40
105;5;30
105;6;20
105;7;10
106;0;80
106;1;70
106;2;60
106;3;50
106;4;40
106;5;30
106;6;20
106;7;10
107;0;80
107;1;70
107;2;60
107;3;50
107;4;40
107;5;30
107;6;20
107;7;10
108;0;80
108;1;70
108;2;60
108;3;50
108;4;40
108;5;30
108;6;20
108;7;10
109;0;10
109;1;10
109;2;10
109;3;10
109;4;10
109;5;10
109;6;10
109;7;10
110;0;80
110;1;70
110;2;60
110;3;50
110;4;40
110;5;30
110;6;20
110;7;10
111;0;80
111;1;70
111;2;60
111;3;50
111;4;40
111;5;30
111;6;20
111;7;10
112;0;10
112;1;10
112;2;10
112;3;10
112;4;10
112;5;10
112;6;10
112;7;10
113;0;10
113;1;20
113;2;30
113;3;40
113;4;50
113;5;60
113;6;70
113;7;80
114;0;10
114;1;20
114;2;30
114;3;40
114;4;50
114;5;60
114;6;70
114;7;80
115;0;10
115;1;20
115;2;30
115;3;40
115;4;50
115;5;60
115;6;70
115;7;80
116;0;10
116;1;20
116;2;30
116;3;40
116;4;50
116;5;60
116;6;70
116;7;80
117;0;80
117;1;70
117;2;60
117;3;50
117;4;40
117;5;30
117;6;20
117;7;10
118;0;10
118;1;20
118;2;30
118;3;40
118;4;50
118;5;60
118;6;70
118;7;80
119;0;80
119;1;70
119;2;60
119;3;50
119;4;40
119;5;30
119;6;20
119;7;10
120;0;10
120;1;20
120;2;30
120;3;40
120;4;50
120;5;60
120;6;70
120;7;80
121;0;10
121;1;20
121;2;30
121;3;40
121;4;50
121;5;60
121;6;70
121;7;80
122;0;10
122;1;20
122;2;30
122;3;40
122;4;50
122;5;60
122;6;70
122;7;80
123;0;10
123;1;10
123;2;10
123;3;10
123;4;10
123;5;10
123;6;10
123;7;10
124;0;80
124;1;70
124;2;60
124;3;50
124;4;40
124;5;30
124;6;20
124;7;10
125;0;10
125;1;20
125;2;30
125;3;40
125;4;50
125;5;60
125;6;70
125;7;80
126;0;10
126;1;10
126;2;10
126;3;10
126;4;10
126;5;10
126;6;10
126;7;10
127;0;10
127;1;20
127;2;30
127;3;40
127;4;50
127;5;60
127;6;70
127;7;80
128;0;10
128;1;10
128;2;10
128;3;10
128;4;10
128;5;10
128;6;10
128;7;10
129;0;80
129;1;70
129;2;60
129;3;50
129;4;40
129;5;30
129;6;20
129;7;10
130;0;10
130;1;10
130;2;10
130;3;10
130;4;10
130;5;10
130;6;10
130;7;10
131;0;80
131;1;70
131;2;60
131;3;50
131;4;40
131;5;30
131;6;20
131;7;10
132;0;10
132;1;10
132;2;10
132;3;10
132;4;10
132;5;10
132;6;10
132;7;10
133;0;80
133;1;70
133;2;60
133;3;50
133;4;40
133;5;30
133;6;20
133;7;10
134;0;80
134;1;70
134;2;60
134;3;50
134;4;40
134;5;30
134;6;20
134;7;10
135;0;10
135;1;10
135;2;10
135;3;10
135;4;10
135;5;10
135;6;10
135;7;10
136;0;10
136;1;10
136;2;10
136;3;10
136;4;10
136;5;10
136;6;10
136;7;10
137;0;80
137;1;70
137;2;60
137;3;50
137;4;40
137;5;30
137;6;20
137;7;10
138;0;10
138;1;20
138;2;30
138;3;40
138;4;50
138;5;60
138;6;70
138;7;80
139;0;10
139;1;20
139;2;30
139;3;40
139;4;50
139;5;60
139;6;70
139;7;80
140;0;10
140;1;10
140;2;10
140;3;10
140;4;10
140;5;10
140;6;10
140;7;10
141;0;80
141;1;70
141;2;60
141;3;50
141;4;40
141;5;30
141;6;20
141;7;10
142;0;10
142;1;10
142;2;10
142;3;10
142;4;10
142;5;10
142;6;10
142;7;10
143;0;10
143;1;20
143;2;30
143;3;40
143;4;50
143;5;60
143;6;70
143;7;80
144;0;10
144;1;10
144;2;10
144;3;10
144;4;10
144;5;10
144;6;10
144;7;10
145;0;80
145;1;70
145;2;60
145;3;50
145;4;40
145;5;30
145;6;20
145;7;10
146;0;80
146;1;70
146;2;60
146;3;50
146;4;40
146;5;30
146;6;20
146;7;10
147;0;10
147;1;10
147;2;10
147;3;10
147;4;10
147;5;10
147;6;10
147;7;10
148;0;10
148;1;10
148;2;10
148;3;10
148;4;10
148;5;10
148;6;10
148;7;10
149;0;10
149;1;10
149;2;10
149;3;10
149;4;10
149;5;10
149;6;10
149;7;10
150;0;80
150;1;70
150;2;60
150;3;50
150;4;40
150;5;30
150;6;20
150;7;10
151;0;10
151;1;20
151;2;30
151;3;40
151;4;50
151;5;60
151;6;70
151;7;80
152;0;80
152;1;70
152;2;60
152;3;50
152;4;40
152;5;30
152;6;20
152;7;10
153;0;10
153;1;10
153;2;10
153;3;10
153;4;10
153;5;10
153;6;10
153;7;10
154;0;10
154;1;10
154;2;10
154;3;10
154;4;10
154;5;10
154;6;10
154;7;10
155;0;10
155;1;10
155;2;10
155;3;10
155;4;10
155;5;10
155;6;10
155;7;10
156;0;80
156;1;70
156;2;60
156;3;50
156;4;40
156;5;30
156;6;20
156;7;10
157;0;10
157;1;20
157;2;30
157;3;40
157;4;50
157;5;60
157;6;70
157;7;80
158;0;10
158;1;20
158;2;30
158;3;40
158;4;50
158;5;60
158;6;70
158;7;80
159;0;10
159;1;10
159;2;10
159;3;10
159;4;10
159;5;10
159;6;10
159;7;10
160;0;80
160;1;70
160;2;60
160;3;50
160;4;40
160;5;30
160;6;20
160;7;10
161;0;10
161;1;10
161;2;10
161;3;10
161;4;10
161;5;10
161;6;10
161;7;10
162;0;80
162;1;70
162;2;60
162;3;50
162;4;40
162;5;30
162;6;20
162;7;10
163;0;10
163;1;20
163;2;30
163;3;40
163;4;50
163;5;60
163;6;70
163;7;80
164;0;10
164;1;20
164;2;30
164;3;40
164;4;50
164;5;60
164;6;70
164;7;80
165;0;10
165;1;20
165;2;30
165;3;40
165;4;50
165;5;60
165;6;70
165;7;80
166;0;10
166;1;10
166;2;10
166;3;10
166;4;10
166;5;10
166;6;10
166;7;10
167;0;10
167;1;20
167;2;30
167;3;40
167;4;50
167;5;60
167;6;70
167;7;80
168;0;10
168;1;10
168;2;10
168;3;10
168;4;10
168;5;10
168;6;10
168;7;10
169;0;10
169;1;10
169;2;10
169;3;10
169;4;10
169;5;10
169;6;10
169;7;10
170;0;80
170;1;70
170;2;60
170;3;50
170;4;40
170;5;30
170;6;20
170;7;10
171;0;80
171;1;70
171;2;60
171;3;50
171;4;40
171;5;30
171;6;20
171;7;10
172;0;80
172;1;70
172;2;60
172;3;50
172;4;40
172;5;30
172;6;20
172;7;10
173;0;10
173;1;10
173;2;10
173;3;10
173;4;10
173;5;10
173;6;10
173;7;10
174;0;10
174;1;10
174;2;10
174;3;10
174;4;10
174;5;10
174;6;10
174;7;10
175;0;10
175;1;10
175;2;10
175;3;10
175;4;10
175;5;10
175;6;10
175;7;10
176;0;80
176;1;70
176;2;60
176;3;50
176;4;40
176;5;30
176;6;20
176;7;10
177;0;10
177;1;20
177;2;30
177;3;40
177;4;50
177;5;60
177;6;70
177;7;80
178;0;10
178;1;10
178;2;10
178;3;10
178;4;10
178;5;10
178;6;10
178;7;10
179;0;10
179;1;10
179;2;10
179;3;10
179;4;10
179;5;10
179;6;10
179;7;10
180;0;80
180;1;70
180;2;60
180;3;50
180;4;40
180;5;30
180;6;20
180;7;10
181;0;80
181;1;70
181;2;60
181;3;50
181;4;40
181;5;30
181;6;20
181;7;10
182;0;80
182;1;70
182;2;60
182;3;50
182;4;40
182;5;30
182;6;20
182;7;10
183;0;80
183;1;70
183;2;60
183;3;50
183;4;40
183;5;30
183;6;20
183;7;10
184;0;10
184;1;10
184;2;10
184;3;10
184;4;10
184;5;10
184;6;10
184;7;10
185;0;10
185;1;10
185;2;10
185;3;10
185;4;10
185;5;10
185;6;10
185;7;10
186;0;10
186;1;20
186;2;30
186;3;40
186;4;50
186;5;60
186;6;70
186;7;80
187;0;10
187;1;20
187;2;30
187;3;40
187;4;50
187;5;60
187;6;70
187;7;80
188;0;10
188;1;20
188;2;30
188;3;40
188;4;50
188;5;60
188;6;70
188;7;80
189;0;10
189;1;20
189;2;30
189;3;40
189;4;50
189;5;60
189;6;70
189;7;80
190;0;10
190;1;20
190;2;30
190;3;40
190;4;50
190;5;60
190;6;70
190;7;80
191;0;10
191;1;10
191;2;10
191;3;10
191;4;10
191;5;10
191;6;10
191;7;10
192;0;10
192;1;10
192;2;10
192;3;10
192;4;10
192;5;10
192;6;10
192;7;10
193;0;10
193;1;20
193;2;30
193;3;40
193;4;50
193;5;60
193;6;70
193;7;80
194;0;80
194;1;70
194;2;60
194;3;50
194;4;40
194;5;30
194;6;20
194;7;10
195;0;10
195;1;10
195;2;10
195;3;10
195;4;10
195;5;10
195;6;10
195;7;10
196;0;80
196;1;70
196;2;60
196;3;50
196;4;40
196;5;30
196;6;20
196;7;10
197;0;80
197;1;70
197;2;60
197;3;50
197;4;40
197;5;30
197;6;20
197;7;10
198;0;80
198;1;70
198;2;60
198;3;50
198;4;40
198;5;30
198;6;20
198;7;10
199;0;80
199;1;70
199;2;60
199;3;50
199;4;40
199;5;30
199;6;20
199;7;10
200;0;80
200;1;70
200;2;60
200;3;50
200;4;40
200;5;30
200;6;20
200;7;10
201;0;80
201;1;70
201;2;60
201;3;50
201;4;40
201;5;30
201;6;20
201;7;10
202;0;10
202;1;10
202;2;10
202;3;10
202;4;10
202;5;10
202;6;10
202;7;10
203;0;10
203;1;10
203;2;10
203;3;10
203;4;10
203;5;10
203;6;10
203;7;10
204;0;10
204;1;10
204;2;10
204;3;10
204;4;10
204;5;10
204;6;10
204;7;10
205;0;80
205;1;70
205;2;60
205;3;50
205;4;40
205;5;30
205;6;20
205;7;10
206;0;10
206;1;10
206;2;10
206;3;10
206;4;10
206;5;10
206;6;10
206;7;10
207;0;10
207;1;20
207;2;30
207;3;40
207;4;50
207;5;60
207;6;70
207;7;80
208;0;10
208;1;10
208;2;10
208;3;10
208;4;10
208;5;10
208;6;10
208;7;10
209;0;10
209;1;10
209;2;10
209;3;10
209;4;10
209;5;10
209;6;10
209;7;10
210;0;10
210;1;10
210;2;10
210;3;10
210;4;10
210;5;10
210;6;10
210;7;10
211;0;10
211;1;10
211;2;10
211;3;10
211;4;10
211;5;10
211;6;10
211;7;10
212;0;80
212;1;70
212;2;60
212;3;50
212;4;40
212;5;30
212;6;20
212;7;10
213;0;10
213;1;20
213;2;30
213;3;40
213;4;50
213;5;60
213;6;70
213;7;80
214;0;10
214;1;10
214;2;10
214;3;10
214;4;10
214;5;10
214;6;10
214;7;10
215;0;80
215;1;70
215;2;60
215;3;50
215;4;40
215;5;30
215;6;20
215;7;10
216;0;10
216;1;20
216;2;30
216;3;40
216;4;50
216;5;60
216;6;70
216;7;80
217;0;10
217;1;20
217;2;30
217;3;40
217;4;50
217;5;60
217;6;70
217;7;80
218;0;80
218;1;70
218;2;60
218;3;50
218;4;40
218;5;30
218;6;20
218;7;10
219;0;10
219;1;10
219;2;10
219;3;10
219;4;10
219;5;10
219;6;10
219;7;10
220;0;10
220;1;20
220;2;30
220;3;40
220;4;50
220;5;60
220;6;70
220;7;80
221;0;80
221;1;70
221;2;60
221;3;50
221;4;40
221;5;30
221;6;20
221;7;10
222;0;10
222;1;10
222;2;10
222;3;10
222;4;10
222;5;10
222;6;10
222;7;10
223;0;10
223;1;10
223;2;10
223;3;10
223;4;10
223;5;10
223;6;10
223;7;10
224;0;10
224;1;20
224;2;30
224;3;40
224;4;50
224;5;60
224;6;70
224;7;80
225;0;10
225;1;10
225;2;10
225;3;10
225;4;10
225;5;10
225;6;10
225;7;10
226;0;10
226;1;20
226;2;30
226;3;40
226;4;50
226;5;60
226;6;70
226;7;80
227;0;80
227;1;70
227;2;60
227;3;50
227;4;40
227;5;30
227;6;20
227;7;10
228;0;10
228;1;20
228;2;30
228;3;40
228;4;50
228;5;60
228;6;70
228;7;80
229;0;10
229;1;20
229;2;30
229;3;40
229;4;50
229;5;60
229;6;70
229;7;80
230;0;10
230;1;20
230;2;30
230;3;40
230;4;50
230;5;60
230;6;70
230;7;80
231;0;10
231;1;10
231;2;10
231;3;10
231;4;10
231;5;10
231;6;10
231;7;10
232;0;10
232;1;10
232;2;10
232;3;10
232;4;10
232;5;10
232;6;10
232;7;10
233;0;10
233;1;10
233;2;10
233;3;10
233;4;10
233;5;10
233;6;10
233;7;10
234;0;80
234;1;70
234;2;60
234;3;50
234;4;40
234;5;30
234;6;20
234;7;10
235;0;10
235;1;20
235;2;30
235;3;40
235;4;50
235;5;60
235;6;70
235;7;80
236;0;10
236;1;10
236;2;10
236;3;10
236;4;10
236;5;10
236;6;10
236;7;10
237;0;10
237;1;20
237;2;30
237;3;40
237;4;50
237;5;60
237;6;70
237;7;80
238;0;10
238;1;10
238;2;10
238;3;10
238;4;10
238;5;10
238;6;10
238;7;10
239;0;80
239;1;70
239;2;60
239;3;50
239;4;40
239;5;30
239;6;20
239;7;10
240;0;80
240;1;70
240;2;60
240;3;50
240;4;40
240;5;30
240;6;20
240;7;10
241;0;10
241;1;10
241;2;10
241;3;10
241;4;10
241;5;10
241;6;10
241;7;10
242;0;10
242;1;20
242;2;30
242;3;40
242;4;50
242;5;60
242;6;70
242;7;80
243;0;80
243;1;70
243;2;60
243;3;50
243;4;40
243;5;30
243;6;20
243;7;10
244;0;10
244;1;20
244;2;30
244;3;40
244;4;50
244;5;60
244;6;70
244;7;80
245;0;10
245;1;20
245;2;30
245;3;40
245;4;50
245;5;60
245;6;70
245;7;80
246;0;10
246;1;20
246;2;30
246;3;40
246;4;50
246;5;60
246;6;70
246;7;80
247;0;10
247;1;20
247;2;30
247;3;40
247;4;50
247;5;60
247;6;70
247;7;80
248;0;10
248;1;10
248;2;10
248;3;10
248;4;10
248;5;10
248;6;10
248;7;10
249;0;10
249;1;20
249;2;30
249;3;40
249;4;50
249;5;60
249;6;70
249;7;80
250;0;10
250;1;20
250;2;30
250;3;40
250;4;50
250;5;60
250;6;70
250;7;80
251;0;10
251;1;10
251;2;10
251;3;10
251;4;10
251;5;10
251;6;10
251;7;10
252;0;80
252;1;70
252;2;60
252;3;50
252;4;40
252;5;30
252;6;20
252;7;10
253;0;10
253;1;10
253;2;10
253;3;10
253;4;10
253;5;10
253;6;10
253;7;10
254;0;10
254;1;10
254;2;10
254;3;10
254;4;10
254;5;10
254;6;10
254;7;10
255;0;10
255;1;10
255;2;10
255;3;10
255;4;10
255;5;10
255;6;10
255;7;10
256;0;10
256;1;10
256;2;10
256;3;10
256;4;10
256;5;10
256;6;10
256;7;10
257;0;80
257;1;70
257;2;60
257;3;50
257;4;40
257;5;30
257;6;20
257;7;10
258;0;10
258;1;10
258;2;10
258;3;10
258;4;10
258;5;10
258;6;10
258;7;10
259;0;10
259;1;20
259;2;30
259;3;40
259;4;50
259;5;60
259;6;70
259;7;80
260;0;10
260;1;20
260;2;30
260;3;40
260;4;50
260;5;60
260;6;70
260;7;80
261;0;10
261;1;10
261;2;10
261;3;10
261;4;10
261;5;10
261;6;10
261;7;10
262;0;10
262;1;10
262;2;10
262;3;10
262;4;10
262;5;10
262;6;10
262;7;10
263;0;80
263;1;70
263;2;60
263;3;50
263;4;40
263;5;30
263;6;20
263;7;10
264;0;10
264;1;10
264;2;10
264;3;10
264;4;10
264;5;10
264;6;10
264;7;10
265;0;10
265;1;10
265;2;10
265;3;10
265;4;10
265;5;10
265;6;10
265;7;10
266;0;80
266;1;70
266;2;60
266;3;50
266;4;40
266;5;30
266;6;20
266;7;10
267;0;10
267;1;10
267;2;10
267;3;10
267;4;10
267;5;10
267;6;10
267;7;10
268;0;10
268;1;20
268;2;30
268;3;40
268;4;50
268;5;60
268;6;70
268;7;80
269;0;80
269;1;70
269;2;60
269;3;50
269;4;40
269;5;30
269;6;20
269;7;10
270;0;80
270;1;70
270;2;60
270;3;50
270;4;40
270;5;30
270;6;20
270;7;10
271;0;80
271;1;70
271;2;60
271;3;50
271;4;40
271;5;30
271;6;20
271;7;10
272;0;10
272;1;10
272;2;10
272;3;10
272;4;10
272;5;10
272;6;10
272;7;10
273;0;10
273;1;10
273;2;10
273;3;10
273;4;10
273;5;10
273;6;10
273;7;10
274;0;10
274;1;20
274;2;30
274;3;40
274;4;50
274;5;60
274;6;70
274;7;80
275;0;80
275;1;70
275;2;60
275;3;50
275;4;40
275;5;30
275;6;20
275;7;10
276;0;10
276;1;10
276;2;10
276;3;10
276;4;10
276;5;10
276;6;10
276;7;10
277;0;10
277;1;10
277;2;10
277;3;10
277;4;10
277;5;10
277;6;10
277;7;10
278;0;80
278;1;70
278;2;60
278;3;50
278;4;40
278;5;30
278;6;20
278;7;10
279;0;80
279;1;70
279;2;60
279;3;50
279;4;40
279;5;30
279;6;20
279;7;10
280;0;10
280;1;10
280;2;10
280;3;10
280;4;10
280;5;10
280;6;10
280;7;10
281;0;10
281;1;20
281;2;30
281;3;40
281;4;50
281;5;60
281;6;70
281;7;80
282;0;10
282;1;20
282;2;30
282;3;40
282;4;50
282;5;60
282;6;70
282;7;80
283;0;80
283;1;70
283;2;60
283;3;50
283;4;40
283;5;30
283;6;20
283;7;10
284;0;80
284;1;70
284;2;60
284;3;50
284;4;40
284;5;30
284;6;20
284;7;10
285;0;10
285;1;20
285;2;30
285;3;40
285;4;50
285;5;60
285;6;70
285;7;80
286;0;80
286;1;70
286;2;60
286;3;50
286;4;40
286;5;30
286;6;20
286;7;10
287;0;10
287;1;20
287;2;30
287;3;40
287;4;50
287;5;60
287;6;70
287;7;80
288;0;10
288;1;20
288;2;30
288;3;40
288;4;50
288;5;60
288;6;70
288;7;80
289;0;10
289;1;20
289;2;30
289;3;40
289;4;50
289;5;60
289;6;70
289;7;80
290;0;80
290;1;70
290;2;60
290;3;50
290;4;40
290;5;30
290;6;20
290;7;10
291;0;10
291;1;20
291;2;30
291;3;40
291;4;50
291;5;60
291;6;70
291;7;80
292;0;10
292;1;10
292;2;10
292;3;10
292;4;10
292;5;10
292;6;10
292;7;10
293;0;80
293;1;70
293;2;60
293;3;50
293;4;40
293;5;30
293;6;20
293;7;10
294;0;80
294;1;70
294;2;60
294;3;50
294;4;40
294;5;30
294;6;20
294;7;10
295;0;10
295;1;10
295;2;10
295;3;10
295;4;10
295;5;10
295;6;10
295;7;10
296;0;10
296;1;10
296;2;10
296;3;10
296;4;10
296;5;10
296;6;10
296;7;10
297;0;80
297;1;70
297;2;60
297;3;50
297;4;40
297;5;30
297;6;20
297;7;10
298;0;10
298;1;20
298;2;30
298;3;40
298;4;50
298;5;60
298;6;70
298;7;80
299;0;10
299;1;10
299;2;10
299;3;10
299;4;10
299;5;10
299;6;10
299;7;10
300;0;10
300;1;20
300;2;30
300;3;40
300;4;50
300;5;60
300;6;70
300;7;80
301;0;10
301;1;20
301;2;30
301;3;40
301;4;50
301;5;60
301;6;70
301;7;80
302;0;10
302;1;20
302;2;30
302;3;40
302;4;50
302;5;60
302;6;70
302;7;80
303;0;80
303;1;70
303;2;60
303;3;50
303;4;40
303;5;30
303;6;20
303;7;10
304;0;10
304;1;20
304;2;30
304;3;40
304;4;50
304;5;60
304;6;70
304;7;80
305;0;10
305;1;20
305;2;30
305;3;40
305;4;50
305;5;60
305;6;70
305;7;80
306;0;80
306;1;70
306;2;60
306;3;50
306;4;40
306;5;30
306;6;20
306;7;10
307;0;10
307;1;10
307;2;10
307;3;10
307;4;10
307;5;10
307;6;10
307;7;10
308;0;10
308;1;10
308;2;10
308;3;10
308;4;10
308;5;10
308;6;10
308;7;10
309;0;10
309;1;10
309;2;10
309;3;10
309;4;10
309;5;10
309;6;10
309;7;10
310;0;10
310;1;10
310;2;10
310;3;10
310;4;10
310;5;10
310;6;10
310;7;10
311;0;80
311;1;70
311;2;60
311;3;50
311;4;40
311;5;30
311;6;20
311;7;10
312;0;80
312;1;70
312;2;60
312;3;50
312;4;40
312;5;30
312;6;20
312;7;10
313;0;10
313;1;20
313;2;30
313;3;40
313;4;50
313;5;60
313;6;70
313;7;80
314;0;80
314;1;70
314;2;60
314;3;50
314;4;40
314;5;30
314;6;20
314;7;10
315;0;10
315;1;10
315;2;10
315;3;10
315;4;10
315;5;10
315;6;10
315;7;10
316;0;10
316;1;10
316;2;10
316;3;10
316;4;10
316;5;10
316;6;10
316;7;10
317;0;10
317;1;10
317;2;10
317;3;10
317;4;10
317;5;10
317;6;10
317;7;10
318;0;80
318;1;70
318;2;60
318;3;50
318;4;40
318;5;30
318;6;20
318;7;10
319;0;80
319;1;70
319;2;60
319;3;50
319;4;40
319;5;30
319;6;20
319;7;10
320;0;10
320;1;10
320;2;10
320;3;10
320;4;10
320;5;10
320;6;10
320;7;10
321;0;10
321;1;10
321;2;10
321;3;10
321;4;10
321;5;10
321;6;10
321;7;10
322;0;10
322;1;20
322;2;30
322;3;40
322;4;50
322;5;60
322;6;70
322;7;80
323;0;10
323;1;20
323;2;30
323;3;40
323;4;50
323;5;60
323;6;70
323;7;80
324;0;10
324;1;10
324;2;10
324;3;10
324;4;10
324;5;10
324;6;10
324;7;10
325;0;80
325;1;70
325;2;60
325;3;50
325;4;40
325;5;30
325;6;20
325;7;10
326;0;10
326;1;10
326;2;10
326;3;10
326;4;10
326;5;10
326;6;10
326;7;10
327;0;10
327;1;10
327;2;10
327;3;10
327;4;10
327;5;10
327;6;10
327;7;10
328;0;80
328;1;70
328;2;60
328;3;50
328;4;40
328;5;30
328;6;20
328;7;10
329;0;10
329;1;10
329;2;10
329;3;10
329;4;10
329;5;10
329;6;10
329;7;10
330;0;10
330;1;20
330;2;30
330;3;40
330;4;50
330;5;60
330;6;70
330;7;80
331;0;80
331;1;70
331;2;60
331;3;50
331;4;40
331;5;30
331;6;20
331;7;10
332;0;80
332;1;70
332;2;60
332;3;50
332;4;40
332;5;30
332;6;20
332;7;10
333;0;80
333;1;70
333;2;60
333;3;50
333;4;40
333;5;30
333;6;20
333;7;10
334;0;10
334;1;10
334;2;10
334;3;10
334;4;10
334;5;10
334;6;10
334;7;10
335;0;10
335;1;10
335;2;10
335;3;10
335;4;10
335;5;10
335;6;10
335;7;10
336;0;10
336;1;20
336;2;30
336;3;40
336;4;50
336;5;60
336;6;70
336;7;80
337;0;10
337;1;10
337;2;10
337;3;10
337;4;10
337;5;10
337;6;10
337;7;10
338;0;10
338;1;10
338;2;10
338;3;10
338;4;10
338;5;10
338;6;10
338;7;10
339;0;10
339;1;10
339;2;10
339;3;10
339;4;10
339;5;10
339;6;10
339;7;10
340;0;10
340;1;20
340;2;30
340;3;40
340;4;50
340;5;60
340;6;70
340;7;80
341;0;10
341;1;10
341;2;10
341;3;10
341;4;10
341;5;10
341;6;10
341;7;10
342;0;10
342;1;10
342;2;10
342;3;10
342;4;10
342;5;10
342;6;10
342;7;10
343;0;80
343;1;70
343;2;60
343;3;50
343;4;40
343;5;30
343;6;20
343;7;10
344;0;10
344;1;20
344;2;30
344;3;40
344;4;50
344;5;60
344;6;70
344;7;80
345;0;10
345;1;20
345;2;30
345;3;40
345;4;50
345;5;60
345;6;70
345;7;80
346;0;80
346;1;70
346;2;60
346;3;50
346;4;40
346;5;30
346;6;20
346;7;10
347;0;80
347;1;70
347;2;60
347;3;50
347;4;40
347;5;30
347;6;20
347;7;10
348;0;10
348;1;20
348;2;30
348;3;40
348;4;50
348;5;60
348;6;70
348;7;80
349;0;10
349;1;20
349;2;30
349;3;40
349;4;50
349;5;60
349;6;70
349;7;80
350;0;10
350;1;10
350;2;10
350;3;10
350;4;10
350;5;10
350;6;10
350;7;10
351;0;80
351;1;70
351;2;60
351;3;50
351;4;40
351;5;30
351;6;20
351;7;10
352;0;80
352;1;70
352;2;60
352;3;50
352;4;40
352;5;30
352;6;20
352;7;10
353;0;80
353;1;70
353;2;60
353;3;50
353;4;40
353;5;30
353;6;20
353;7;10
354;0;10
354;1;10
354;2;10
354;3;10
354;4;10
354;5;10
354;6;10
354;7;10
355;0;10
355;1;20
355;2;30
355;3;40
355;4;50
355;5;60
355;6;70
355;7;80
356;0;80
356;1;70
356;2;60
356;3;50
356;4;40
356;5;30
356;6;20
356;7;10
357;0;10
357;1;20
357;2;30
357;3;40
357;4;50
357;5;60
357;6;70
357;7;80
358;0;10
358;1;10
358;2;10
358;3;10
358;4;10
358;5;10
358;6;10
358;7;10
359;0;10
359;1;20
359;2;30
359;3;40
359;4;50
359;5;60
359;6;70
359;7;80
360;0;10
360;1;10
360;2;10
360;3;10
360;4;10
360;5;10
360;6;10
360;7;10
361;0;10
361;1;10
361;2;10
361;3;10
361;4;10
361;5;10
361;6;10
361;7;10
362;0;10
362;1;20
362;2;30
362;3;40
362;4;50
362;5;60
362;6;70
362;7;80
363;0;10
363;1;10
363;2;10
363;3;10
363;4;10
363;5;10
363;6;10
363;7;10
364;0;80
364;1;70
364;2;60
364;3;50
364;4;40
364;5;30
364;6;20
364;7;10
365;0;80
365;1;70
365;2;60
365;3;50
365;4;40
365;5;30
365;6;20
365;7;10
366;0;10
366;1;10
366;2;10
366;3;10
366;4;10
366;5;10
366;6;10
366;7;10
367;0;10
367;1;20
367;2;30
367;3;40
367;4;50
367;5;60
367;6;70
367;7;80
368;0;80
368;1;70
368;2;60
368;3;50
368;4;40
368;5;30
368;6;20
368;7;10
369;0;10
369;1;20
369;2;30
369;3;40
369;4;50
369;5;60
369;6;70
369;7;80
370;0;10
370;1;20
370;2;30
370;3;40
370;4;50
370;5;60
370;6;70
370;7;80
371;0;10
371;1;20
371;2;30
371;3;40
371;4;50
371;5;60
371;6;70
371;7;80
372;0;80
372;1;70
372;2;60
372;3;50
372;4;40
372;5;30
372;6;20
372;7;10
373;0;80
373;1;70
373;2;60
373;3;50
373;4;40
373;5;30
373;6;20
373;7;10
374;0;10
374;1;10
374;2;10
374;3;10
374;4;10
374;5;10
374;6;10
374;7;10
375;0;80
375;1;70
375;2;60
375;3;50
375;4;40
375;5;30
375;6;20
375;7;10
376;0;10
376;1;20
376;2;30
376;3;40
376;4;50
376;5;60
376;6;70
376;7;80
377;0;10
377;1;10
377;2;10
377;3;10
377;4;10
377;5;10
377;6;10
377;7;10
378;0;80
378;1;70
378;2;60
378;3;50
378;4;40
378;5;30
378;6;20
378;7;10
379;0;10
379;1;20
379;2;30
379;3;40
379;4;50
379;5;60
379;6;70
379;7;80
380;0;80
380;1;70
380;2;60
380;3;50
380;4;40
380;5;30
380;6;20
380;7;10
381;0;80
381;1;70
381;2;60
381;3;50
381;4;40
381;5;30
381;6;20
381;7;10
382;0;80
382;1;70
382;2;60
382;3;50
382;4;40
382;5;30
382;6;20
382;7;10
383;0;80
383;1;70
383;2;60
383;3;50
383;4;40
383;5;30
383;6;20
383;7;10
384;0;80
384;1;70
384;2;60
384;3;50
384;4;40
384;5;30
384;6;20
384;7;10
385;0;10
385;1;20
385;2;30
385;3;40
385;4;50
385;5;60
385;6;70
385;7;80
386;0;10
386;1;20
386;2;30
386;3;40
386;4;50
386;5;60
386;6;70
386;7;80
387;0;80
387;1;70
387;2;60
387;3;50
387;4;40
387;5;30
387;6;20
387;7;10
388;0;80
388;1;70
388;2;60
388;3;50
388;4;40
388;5;30
388;6;20
388;7;10
389;0;10
389;1;20
389;2;30
389;3;40
389;4;50
389;5;60
389;6;70
389;7;80
390;0;10
390;1;20
390;2;30
390;3;40
390;4;50
390;5;60
390;6;70
390;7;80
391;0;80
391;1;70
391;2;60
391;3;50
391;4;40
391;5;30
391;6;20
391;7;10
392;0;10
392;1;20
392;2;30
392;3;40
392;4;50
392;5;60
392;6;70
392;7;80
393;0;10
393;1;10
393;2;10
393;3;10
393;4;10
393;5;10
393;6;10
393;7;10
394;0;10
394;1;10
394;2;10
394;3;10
394;4;10
394;5;10
394;6;10
394;7;10
395;0;10
395;1;20
395;2;30
395;3;40
395;4;50
395;5;60
395;6;70
395;7;80
396;0;10
396;1;10
396;2;10
396;3;10
396;4;10
396;5;10
396;6;10
396;7;10
397;0;10
397;1;20
397;2;30
397;3;40
397;4;50
397;5;60
397;6;70
397;7;80
398;0;10
398;1;10
398;2;10
398;3;10
398;4;10
398;5;10
398;6;10
398;7;10
399;0;80
399;1;70
399;2;60
399;3;50
399;4;40
399;5;30
399;6;20
399;7;10
400;0;10
400;1;10
400;2;10
400;3;10
400;4;10
400;5;10
400;6;10
400;7;10
401;0;80
401;1;70
401;2;60
401;3;50
401;4;40
401;5;30
401;6;20
401;7;10
402;0;10
402;1;10
402;2;10
402;3;10
402;4;10
402;5;10
402;6;10
402;7;10
403;0;80
403;1;70
403;2;60
403;3;50
403;4;40
403;5;30
403;6;20
403;7;10
404;0;80
404;1;70
404;2;60
404;3;50
404;4;40
404;5;30
404;6;20
404;7;10
405;0;10
405;1;20
405;2;30
405;3;40
405;4;50
405;5;60
405;6;70
405;7;80
406;0;10
406;1;20
406;2;30
406;3;40
406;4;50
406;5;60
406;6;70
406;7;80
407;0;10
407;1;10
407;2;10
407;3;10
407;4;10
407;5;10
407;6;10
407;7;10
408;0;10
408;1;20
408;2;30
408;3;40
408;4;50
408;5;60
408;6;70
408;7;80
409;0;10
409;1;10
409;2;10
409;3;10
409;4;10
409;5;10
409;6;10
409;7;10
410;0;80
410;1;70
410;2;60
410;3;50
410;4;40
410;5;30
410;6;20
410;7;10
411;0;10
411;1;10
411;2;10
411;3;10
411;4;10
411;5;10
411;6;10
411;7;10
412;0;10
412;1;10
412;2;10
412;3;10
412;4;10
412;5;10
412;6;10
412;7;10
413;0;80
413;1;70
413;2;60
413;3;50
413;4;40
413;5;30
413;6;20
413;7;10
414;0;10
414;1;10
414;2;10
414;3;10
414;4;10
414;5;10
414;6;10
414;7;10
415;0;10
415;1;20
415;2;30
415;3;40
415;4;50
415;5;60
415;6;70
415;7;80
416;0;10
416;1;20
416;2;30
416;3;40
416;4;50
416;5;60
416;6;70
416;7;80
417;0;80
417;1;70
417;2;60
417;3;50
417;4;40
417;5;30
417;6;20
417;7;10
418;0;10
418;1;20
418;2;30
418;3;40
418;4;50
418;5;60
418;6;70
418;7;80
419;0;10
419;1;10
419;2;10
419;3;10
419;4;10
419;5;10
419;6;10
419;7;10
420;0;10
420;1;10
420;2;10
420;3;10
420;4;10
420;5;10
420;6;10
420;7;10
421;0;10
421;1;20
421;2;30
421;3;40
421;4;50
421;5;60
421;6;70
421;7;80
422;0;10
422;1;20
422;2;30
422;3;40
422;4;50
422;5;60
422;6;70
422;7;80
423;0;10
423;1;20
423;2;30
423;3;40
423;4;50
423;5;60
423;6;70
423;7;80
424;0;10
424;1;10
424;2;10
424;3;10
424;4;10
424;5;10
424;6;10
424;7;10
425;0;80
425;1;70
425;2;60
425;3;50
425;4;40
425;5;30
425;6;20
425;7;10
426;0;10
426;1;10
426;2;10
426;3;10
426;4;10
426;5;10
426;6;10
426;7;10
427;0;10
427;1;20
427;2;30
427;3;40
427;4;50
427;5;60
427;6;70
427;7;80
428;0;10
428;1;20
428;2;30
428;3;40
428;4;50
428;5;60
428;6;70
428;7;80
429;0;10
429;1;20
429;2;30
429;3;40
429;4;50
429;5;60
429;6;70
429;7;80
430;0;10
430;1;20
430;2;30
430;3;40
430;4;50
430;5;60
430;6;70
430;7;80
431;0;80
431;1;70
431;2;60
431;3;50
431;4;40
431;5;30
431;6;20
431;7;10
432;0;10
432;1;20
432;2;30
432;3;40
432;4;50
432;5;60
432;6;70
432;7;80
433;0;10
433;1;10
433;2;10
433;3;10
433;4;10
433;5;10
433;6;10
433;7;10
434;0;10
434;1;10
434;2;10
434;3;10
434;4;10
434;5;10
434;6;10
434;7;10
435;0;80
435;1;70
435;2;60
435;3;50
435;4;40
435;5;30
435;6;20
435;7;10
436;0;10
436;1;20
436;2;30
436;3;40
436;4;50
436;5;60
436;6;70
436;7;80
437;0;10
437;1;20
437;2;30
437;3;40
437;4;50
437;5;60
437;6;70
437;7;80
438;0;80
438;1;70
438;2;60
438;3;50
438;4;40
438;5;30
438;6;20
438;7;10
439;0;10
439;1;10
439;2;10
439;3;10
439;4;10
439;5;10
439;6;10
439;7;10
440;0;10
440;1;10
440;2;10
440;3;10
440;4;10
440;5;10
440;6;10
440;7;10
441;0;80
441;1;70
441;2;60
441;3;50
441;4;40
441;5;30
441;6;20
441;7;10
442;0;80
442;1;70
442;2;60
442;3;50
442;4;40
442;5;30
442;6;20
442;7;10
443;0;10
443;1;20
443;2;30
443;3;40
443;4;50
443;5;60
443;6;70
443;7;80
444;0;80
444;1;70
444;2;60
444;3;50
444;4;40
444;5;30
444;6;20
444;7;10
445;0;10
445;1;20
445;2;30
445;3;40
445;4;50
445;5;60
445;6;70
445;7;80
446;0;10
446;1;20
446;2;30
446;3;40
446;4;50
446;5;60
446;6;70
446;7;80
447;0;10
447;1;10
447;2;10
447;3;10
447;4;10
447;5;10
447;6;10
447;7;10
448;0;80
448;1;70
448;2;60
448;3;50
448;4;40
448;5;30
448;6;20
448;7;10
449;0;80
449;1;70
449;2;60
449;3;50
449;4;40
449;5;30
449;6;20
449;7;10
450;0;80
450;1;70
450;2;60
450;3;50
450;4;40
450;5;30
450;6;20
450;7;10
451;0;10
451;1;10
451;2;10
451;3;10
451;4;10
451;5;10
451;6;10
451;7;10
452;0;80
452;1;70
452;2;60
452;3;50
452;4;40
452;5;30
452;6;20
452;7;10
453;0;10
453;1;20
453;2;30
453;3;40
453;4;50
453;5;60
453;6;70
453;7;80
454;0;80
454;1;70
454;2;60
454;3;50
454;4;40
454;5;30
454;6;20
454;7;10
455;0;10
455;1;20
455;2;30
455;3;40
455;4;50
455;5;60
455;6;70
455;7;80
456;0;10
456;1;20
456;2;30
456;3;40
456;4;50
456;5;60
456;6;70
456;7;80
457;0;10
457;1;10
457;2;10
457;3;10
457;4;10
457;5;10
457;6;10
457;7;10
458;0;10
458;1;20
458;2;30
458;3;40
458;4;50
458;5;60
458;6;70
458;7;80
