300;150;662
0;0;10
1;0;50
1;1;10
1;3;70
2;0;50
2;4;50
2;6;100
3;1;70
3;2;50
3;3;100
3;7;100
3;9;100
4;2;50
4;3;70
4;10;10
4;12;70
5;2;10
5;3;100
5;13;100
5;15;70
6;4;70
6;5;50
6;6;10
6;16;100
6;18;10
7;5;100
7;6;10
7;19;10
7;21;10
8;5;100
8;6;10
8;22;100
8;24;100
9;7;50
9;8;100
9;9;70
9;25;70
9;27;50
10;8;50
10;9;100
10;28;50
10;30;100
11;8;70
11;9;70
11;31;70
11;33;70
12;8;50
12;9;10
12;34;50
12;36;70
13;10;100
13;11;70
13;12;50
13;37;100
13;39;50
14;11;10
14;12;50
14;40;100
14;42;10
15;11;50
15;12;50
15;43;50
15;45;50
16;11;10
16;12;10
16;46;50
16;48;70
17;13;70
17;14;100
17;15;10
17;49;10
17;51;10
18;14;70
18;15;100
18;52;70
18;54;70
19;14;50
19;15;70
19;55;10
19;57;70
20;14;70
20;15;70
20;58;50
20;60;50
21;16;10
21;17;70
21;18;50
21;61;50
21;63;50
22;17;10
22;18;100
22;64;70
22;66;10
23;17;70
23;18;10
23;67;50
23;69;100
24;17;70
24;18;50
24;70;50
24;72;50
25;19;70
25;20;50
25;21;70
25;73;70
25;75;100
26;20;100
26;21;10
26;76;100
26;78;50
27;20;10
27;21;100
27;79;100
27;81;100
28;20;100
28;21;50
28;82;100
28;84;10
29;22;70
29;23;70
29;24;70
29;85;100
29;87;10
30;23;100
30;24;50
30;88;70
30;90;100
31;23;10
31;24;70
31;91;50
31;93;70
32;23;100
32;24;50
32;94;70
32;96;50
33;25;100
33;26;70
33;27;50
33;97;70
33;99;10
34;26;100
34;27;100
34;100;100
34;102;70
35;26;100
35;27;50
35;103;100
35;105;70
36;26;100
36;27;70
36;106;100
36;108;50
37;26;10
37;27;70
37;109;10
37;111;100
38;28;10
38;29;50
38;30;70
38;112;10
38;114;10
39;29;70
39;30;100
39;115;50
39;117;50
40;29;10
40;30;100
40;118;10
40;120;100
41;29;50
41;30;100
41;121;70
41;123;100
42;29;50
42;30;70
42;124;100
42;126;70
43;31;100
43;32;100
43;33;50
43;127;10
43;129;100
44;32;70
44;33;70
44;130;10
44;132;50
45;32;10
45;33;100
45;133;50
45;135;50
46;32;70
46;33;10
46;136;100
46;138;10
47;32;10
47;33;100
47;139;70
47;141;10
48;34;50
48;35;100
48;36;70
48;142;100
48;144;10
49;35;10
49;36;10
49;145;70
49;147;100
50;35;70
50;36;10
50;148;70
51;35;10
51;36;70
52;35;50
52;36;100
53;37;100
53;38;100
53;39;50
54;38;50
54;39;70
55;38;100
55;39;50
56;38;10
56;39;100
57;38;10
57;39;100
58;40;100
58;41;50
58;42;50
59;41;10
59;42;100
60;41;50
60;42;10
61;41;10
61;42;100
62;41;10
62;42;70
63;43;50
63;44;100
63;45;70
64;44;10
64;45;70
65;44;10
65;45;50
66;44;100
66;45;70
67;44;100
67;45;10
68;46;50
68;47;10
68;48;70
69;47;100
69;48;70
70;47;100
70;48;50
71;47;50
71;48;70
72;47;100
72;48;10
73;49;70
73;50;50
73;51;100
74;50;10
74;51;70
75;50;10
75;51;50
76;50;50
76;51;10
77;50;10
77;51;100
78;52;100
78;53;70
78;54;100
79;53;10
79;54;10
80;53;50
80;54;50
81;53;70
81;54;50
82;53;100
82;54;70
83;55;100
83;56;10
83;57;100
84;56;50
84;57;10
85;56;100
85;57;70
86;56;70
86;57;100
87;56;70
87;57;50
88;58;10
88;59;10
88;60;10
89;59;70
89;60;50
90;59;100
90;60;10
91;59;70
91;60;50
92;59;50
92;60;70
93;61;100
93;62;70
93;63;100
94;62;70
94;63;70
95;62;100
95;63;70
96;62;70
96;63;10
97;62;70
97;63;70
98;64;50
98;65;10
98;66;100
99;65;70
99;66;100
100;65;100
100;66;100
101;65;100
101;66;70
102;65;10
102;66;70
103;67;70
103;68;50
103;69;70
104;68;100
104;69;10
105;68;70
105;69;70
106;68;100
106;69;100
107;68;50
107;69;10
108;70;50
108;71;10
108;72;100
109;71;70
109;72;50
110;71;10
110;72;100
111;71;50
111;72;50
112;71;70
112;72;70
113;73;100
113;74;100
113;75;70
114;74;50
114;75;10
115;74;10
115;75;100
116;74;100
116;75;50
117;74;100
117;75;70
118;76;100
118;77;100
118;78;50
119;77;70
119;78;10
120;77;50
120;78;50
121;77;100
121;78;70
122;77;50
122;78;100
123;79;50
123;80;10
123;81;100
124;80;10
124;81;100
125;80;10
125;81;10
126;80;10
126;81;10
127;80;10
127;81;70
128;82;50
128;83;50
128;84;100
129;83;50
129;84;70
130;83;70
130;84;10
131;83;10
131;84;10
132;83;70
132;84;70
133;85;70
133;86;50
133;87;50
134;86;100
134;87;50
135;86;10
135;87;50
136;86;10
136;87;70
137;86;70
137;87;10
138;88;70
138;89;50
138;90;50
139;89;100
139;90;70
140;89;10
140;90;100
141;89;70
141;90;70
142;89;10
142;90;70
143;91;70
143;92;50
143;93;100
144;92;50
144;93;70
145;92;70
145;93;70
146;92;10
146;93;100
147;92;10
147;93;50
148;94;100
148;95;10
148;96;100
149;95;70
149;96;100
150;95;10
150;96;10
151;95;50
151;96;50
152;95;70
152;96;100
153;97;50
153;98;10
153;99;10
154;98;10
154;99;100
155;98;70
155;99;100
156;98;100
156;99;100
157;98;50
157;99;10
158;98;50
158;99;70
159;100;70
159;101;10
159;102;10
160;101;70
160;102;70
161;101;10
161;102;10
162;101;70
162;102;100
163;101;70
163;102;50
164;101;70
164;102;50
165;103;10
165;104;70
165;105;70
166;104;70
166;105;100
167;104;10
167;105;50
168;104;10
168;105;70
169;104;100
169;105;50
170;104;70
170;105;70
171;106;70
171;107;70
171;108;100
172;107;100
172;108;50
173;107;50
173;108;100
174;107;50
174;108;10
175;107;70
175;108;70
176;107;10
176;108;10
177;109;50
177;110;50
177;111;50
178;110;70
178;111;10
179;110;70
179;111;50
180;110;10
180;111;10
181;110;50
181;111;10
182;110;10
182;111;10
183;112;50
183;113;100
183;114;10
184;113;50
184;114;100
185;113;100
185;114;50
186;113;100
186;114;50
187;113;10
187;114;50
188;113;100
188;114;50
189;115;50
189;116;100
189;117;100
190;116;10
190;117;50
191;116;70
191;117;70
192;116;70
192;117;10
193;116;50
193;117;50
194;116;100
194;117;70
195;118;100
195;119;70
195;120;10
196;119;100
196;120;50
197;119;50
197;120;70
198;119;70
198;120;100
199;119;100
199;120;100
200;119;100
200;120;50
201;121;100
201;122;70
201;123;10
202;122;70
202;123;50
203;122;10
203;123;70
204;122;10
204;123;70
205;122;50
205;123;50
206;122;50
206;123;50
207;124;50
207;125;10
207;126;50
208;125;100
208;126;50
209;125;70
209;126;50
210;125;100
210;126;50
211;125;10
211;126;100
212;125;100
212;126;10
213;127;50
213;128;70
213;129;100
214;128;100
214;129;70
215;128;100
215;129;100
216;128;50
216;129;10
217;128;70
217;129;50
218;128;100
218;129;10
219;130;100
219;131;100
219;132;70
220;131;50
220;132;50
221;131;70
221;132;100
222;131;70
222;132;100
223;131;50
223;132;50
224;131;70
224;132;50
225;133;10
225;134;50
225;135;50
226;134;10
226;135;100
227;134;50
227;135;70
228;134;100
228;135;100
229;134;100
229;135;70
230;134;50
230;135;10
231;136;10
231;137;50
231;138;70
232;137;50
232;138;10
233;137;70
233;138;10
234;137;10
234;138;70
235;137;70
235;138;50
236;137;100
236;138;50
237;139;70
237;140;70
237;141;50
238;140;10
238;141;50
239;140;70
239;141;10
240;140;100
240;141;70
241;140;100
241;141;50
242;140;100
242;141;50
243;142;50
243;143;10
243;144;10
244;143;50
244;144;70
245;143;100
245;144;50
246;143;50
246;144;100
247;143;10
247;144;100
248;143;100
248;144;70
249;145;70
249;146;50
249;147;100
250;146;70
250;147;10
251;146;10
251;147;10
252;146;100
252;147;70
253;146;100
253;147;10
254;146;10
254;147;50
255;148;70
255;149;10
256;149;100
257;149;70
258;149;100
259;149;70
260;149;10
0;0;80
0;1;70
0;2;60
0;3;50
0;4;40
0;5;30
0;6;20
0;7;10
1;0;80
1;1;70
1;2;60
1;3;50
1;4;40
1;5;30
1;6;20
1;7;10
2;0;10
2;1;20
2;2;30
2;3;40
2;4;50
2;5;60
2;6;70
2;7;80
3;0;80
3;1;70
3;2;60
3;3;50
3;4;40
3;5;30
3;6;20
3;7;10
4;0;80
4;1;70
4;2;60
4;3;50
4;4;40
4;5;30
4;6;20
4;7;10
5;0;80
5;1;70
5;2;60
5;3;50
5;4;40
5;5;30
5;6;20
5;7;10
6;0;80
6;1;70
6;2;60
6;3;50
6;4;40
6;5;30
6;6;20
6;7;10
7;0;10
7;1;10
7;2;10
7;3;10
7;4;10
7;5;10
7;6;10
7;7;10
8;0;10
8;1;20
8;2;30
8;3;40
8;4;50
8;5;60
8;6;70
8;7;80
9;0;80
9;1;70
9;2;60
9;3;50
9;4;40
9;5;30
9;6;20
9;7;10
10;0;10
10;1;10
10;2;10
10;3;10
10;4;10
10;5;10
10;6;10
10;7;10
11;0;10
11;1;10
11;2;10
11;3;10
11;4;10
11;5;10
11;6;10
11;7;10
12;0;10
12;1;10
12;2;10
12;3;10
12;4;10
12;5;10
12;6;10
12;7;10
13;0;10
13;1;10
13;2;10
13;3;10
13;4;10
13;5;10
13;6;10
13;7;10
14;0;80
14;1;70
14;2;60
14;3;50
14;4;40
14;5;30
14;6;20
14;7;10
15;0;10
15;1;20
15;2;30
15;3;40
15;4;50
15;5;60
15;6;70
15;7;80
16;0;10
16;1;20
16;2;30
16;3;40
16;4;50
16;5;60
16;6;70
16;7;80
17;0;10
17;1;20
17;2;30
17;3;40
17;4;50
17;5;60
17;6;70
17;7;80
18;0;80
18;1;70
18;2;60
18;3;50
18;4;40
18;5;30
18;6;20
18;7;10
19;0;10
19;1;20
19;2;30
19;3;40
19;4;50
19;5;60
19;6;70
19;7;80
20;0;10
20;1;10
20;2;10
20;3;10
20;4;10
20;5;10
20;6;10
20;7;10
21;0;80
21;1;70
21;2;60
21;3;50
21;4;40
21;5;30
21;6;20
21;7;10
22;0;10
22;1;20
22;2;30
22;3;40
22;4;50
22;5;60
22;6;70
22;7;80
23;0;10
23;1;10
23;2;10
23;3;10
23;4;10
23;5;10
23;6;10
23;7;10
24;0;80
24;1;70
24;2;60
24;3;50
24;4;40
24;5;30
24;6;20
24;7;10
25;0;10
25;1;10
25;2;10
25;3;10
25;4;10
25;5;10
25;6;10
25;7;10
26;0;10
26;1;20
26;2;30
26;3;40
26;4;50
26;5;60
26;6;70
26;7;80
27;0;80
27;1;70
27;2;60
27;3;50
27;4;40
27;5;30
27;6;20
27;7;10
28;0;10
28;1;20
28;2;30
28;3;40
28;4;50
28;5;60
28;6;70
28;7;80
29;0;10
29;1;20
29;2;30
29;3;40
29;4;50
29;5;60
29;6;70
29;7;80
30;0;10
30;1;10
30;2;10
30;3;10
30;4;10
30;5;10
30;6;10
30;7;10
31;0;80
31;1;70
31;2;60
31;3;50
31;4;40
31;5;30
31;6;20
31;7;10
32;0;10
32;1;20
32;2;30
32;3;40
32;4;50
32;5;60
32;6;70
32;7;80
33;0;80
33;1;70
33;2;60
33;3;50
33;4;40
33;5;30
33;6;20
33;7;10
34;0;80
34;1;70
34;2;60
34;3;50
34;4;40
34;5;30
34;6;20
34;7;10
35;0;80
35;1;70
35;2;60
35;3;50
35;4;40
35;5;30
35;6;20
35;7;10
36;0;80
36;1;70
36;2;60
36;3;50
36;4;40
36;5;30
36;6;20
36;7;10
37;0;10
37;1;20
37;2;30
37;3;40
37;4;50
37;5;60
37;6;70
37;7;80
38;0;80
38;1;70
38;2;60
38;3;50
38;4;40
38;5;30
38;6;20
38;7;10
39;0;10
39;1;20
39;2;30
39;3;40
39;4;50
39;5;60
39;6;70
39;7;80
40;0;10
40;1;20
40;2;30
40;3;40
40;4;50
40;5;60
40;6;70
40;7;80
41;0;80
41;1;70
41;2;60
41;3;50
41;4;40
41;5;30
41;6;20
41;7;10
42;0;10
42;1;10
42;2;10
42;3;10
42;4;10
42;5;10
42;6;10
42;7;10
43;0;10
43;1;20
43;2;30
43;3;40
43;4;50
43;5;60
43;6;70
43;7;80
44;0;80
44;1;70
44;2;60
44;3;50
44;4;40
44;5;30
44;6;20
44;7;10
45;0;10
45;1;10
45;2;10
45;3;10
45;4;10
45;5;10
45;6;10
45;7;10
46;0;80
46;1;70
46;2;60
46;3;50
46;4;40
46;5;30
46;6;20
46;7;10
47;0;10
47;1;20
47;2;30
47;3;40
47;4;50
47;5;60
47;6;70
47;7;80
48;0;10
48;1;20
48;2;30
48;3;40
48;4;50
48;5;60
48;6;70
48;7;80
49;0;10
49;1;10
49;2;10
49;3;10
49;4;10
49;5;10
49;6;10
49;7;10
50;0;10
50;1;20
50;2;30
50;3;40
50;4;50
50;5;60
50;6;70
50;7;80
51;0;10
51;1;20
51;2;30
51;3;40
51;4;50
51;5;60
51;6;70
51;7;80
52;0;10
52;1;10
52;2;10
52;3;10
52;4;10
52;5;10
52;6;10
52;7;10
53;0;80
53;1;70
53;2;60
53;3;50
53;4;40
53;5;30
53;6;20
53;7;10
54;0;10
54;1;10
54;2;10
54;3;10
54;4;10
54;5;10
54;6;10
54;7;10
55;0;10
55;1;20
55;2;30
55;3;40
55;4;50
55;5;60
55;6;70
55;7;80
56;0;10
56;1;20
56;2;30
56;3;40
56;4;50
56;5;60
56;6;70
56;7;80
57;0;10
57;1;20
57;2;30
57;3;40
57;4;50
57;5;60
57;6;70
57;7;80
58;0;10
58;1;10
58;2;10
58;3;10
58;4;10
58;5;10
58;6;10
58;7;10
59;0;10
59;1;20
59;2;30
59;3;40
59;4;50
59;5;60
59;6;70
59;7;80
60;0;10
60;1;20
60;2;30
60;3;40
60;4;50
60;5;60
60;6;70
60;7;80
61;0;10
61;1;10
61;2;10
61;3;10
61;4;10
61;5;10
61;6;10
61;7;10
62;0;80
62;1;70
62;2;60
62;3;50
62;4;40
62;5;30
62;6;20
62;7;10
63;0;10
63;1;20
63;2;30
63;3;40
63;4;50
63;5;60
63;6;70
63;7;80
64;0;10
64;1;20
64;2;30
64;3;40
64;4;50
64;5;60
64;6;70
64;7;80
65;0;10
65;1;20
65;2;30
65;3;40
65;4;50
65;5;60
65;6;70
65;7;80
66;0;10
66;1;10
66;2;10
66;3;10
66;4;10
66;5;10
66;6;10
66;7;10
67;0;80
67;1;70
67;2;60
67;3;50
67;4;40
67;5;30
67;6;20
67;7;10
68;0;10
68;1;20
68;2;30
68;3;40
68;4;50
68;5;60
68;6;70
68;7;80
69;0;10
69;1;20
69;2;30
69;3;40
69;4;50
69;5;60
69;6;70
69;7;80
70;0;10
70;1;20
70;2;30
70;3;40
70;4;50
70;5;60
70;6;70
70;7;80
71;0;10
71;1;20
71;2;30
71;3;40
71;4;50
71;5;60
71;6;70
71;7;80
72;0;10
72;1;20
72;2;30
72;3;40
72;4;50
72;5;60
72;6;70
72;7;80
73;0;80
73;1;70
73;2;60
73;3;50
73;4;40
73;5;30
73;6;20
73;7;10
74;0;10
74;1;20
74;2;30
74;3;40
74;4;50
74;5;60
74;6;70
74;7;80
75;0;10
75;1;20
75;2;30
75;3;40
75;4;50
75;5;60
75;6;70
75;7;80
76;0;10
76;1;10
76;2;10
76;3;10
76;4;10
76;5;10
76;6;10
76;7;10
77;0;80
77;1;70
77;2;60
77;3;50
77;4;40
77;5;30
77;6;20
77;7;10
78;0;10
78;1;20
78;2;30
78;3;40
78;4;50
78;5;60
78;6;70
78;7;80
79;0;10
79;1;20
79;2;30
79;3;40
79;4;50
79;5;60
79;6;70
79;7;80
80;0;10
80;1;10
80;2;10
80;3;10
80;4;10
80;5;10
80;6;10
80;7;10
81;0;10
81;1;20
81;2;30
81;3;40
81;4;50
81;5;60
81;6;70
81;7;80
82;0;10
82;1;10
82;2;10
82;3;10
82;4;10
82;5;10
82;6;10
82;7;10
83;0;10
83;1;20
83;2;30
83;3;40
83;4;50
83;5;60
83;6;70
83;7;80
84;0;10
84;1;10
84;2;10
84;3;10
84;4;10
84;5;10
84;6;10
84;7;10
85;0;10
85;1;10
85;2;10
85;3;10
85;4;10
85;5;10
85;6;10
85;7;10
86;0;80
86;1;70
86;2;60
86;3;50
86;4;40
86;5;30
86;6;20
86;7;10
87;0;10
87;1;10
87;2;10
87;3;10
87;4;10
87;5;10
87;6;10
87;7;10
88;0;10
88;1;10
88;2;10
88;3;10
88;4;10
88;5;10
88;6;10
88;7;10
89;0;10
89;1;20
89;2;30
89;3;40
89;4;50
89;5;60
89;6;70
89;7;80
90;0;10
90;1;20
90;2;30
90;3;40
90;4;50
90;5;60
90;6;70
90;7;80
91;0;10
91;1;20
91;2;30
91;3;40
91;4;50
91;5;60
91;6;70
91;7;80
92;0;80
92;1;70
92;2;60
92;3;50
92;4;40
92;5;30
92;6;20
92;7;10
93;0;10
93;1;20
93;2;30
93;3;40
93;4;50
93;5;60
93;6;70
93;7;80
94;0;10
94;1;20
94;2;30
94;3;40
94;4;50
94;5;60
94;6;70
94;7;80
95;0;10
95;1;10
95;2;10
95;3;10
95;4;10
95;5;10
95;6;10
95;7;10
96;0;80
96;1;70
96;2;60
96;3;50
96;4;40
96;5;30
96;6;20
96;7;10
97;0;80
97;1;70
97;2;60
97;3;50
97;4;40
97;5;30
97;6;20
97;7;10
98;0;10
98;1;20
98;2;30
98;3;40
98;4;50
98;5;60
98;6;70
98;7;80
99;0;10
99;1;10
99;2;10
99;3;10
99;4;10
99;5;10
99;6;10
99;7;10
100;0;10
100;1;10
100;2;10
100;3;10
100;4;10
100;5;10
100;6;10
100;7;10
101;0;10
101;1;20
101;2;30
101;3;40
101;4;50
101;5;60
101;6;70
101;7;80
102;0;10
102;1;10
102;2;10
102;3;10
102;4;10
102;5;10
102;6;10
102;7;10
103;0;10
103;1;10
103;2;10
103;3;10
103;4;10
103;5;10
103;6;10
103;7;10
104;0;10
104;1;20
104;2;30
104;3;40
104;4;50
104;5;60
104;6;70
104;7;80
105;0;80
105;1;70
105;2;60
105;3;50
105;4;40
105;5;30
105;6;20
105;7;10
106;0;10
106;1;20
106;2;30
106;3;40
106;4;50
106;5;60
106;6;70
106;7;80
107;0;10
107;1;10
107;2;10
107;3;10
107;4;10
107;5;10
107;6;10
107;7;10
108;0;10
108;1;20
108;2;30
108;3;40
108;4;50
108;5;60
108;6;70
108;7;80
109;0;10
109;1;10
109;2;10
109;3;10
109;4;10
109;5;10
109;6;10
109;7;10
110;0;10
110;1;10
110;2;10
110;3;10
110;4;10
110;5;10
110;6;10
110;7;10
111;0;10
111;1;20
111;2;30
111;3;40
111;4;50
111;5;60
111;6;70
111;7;80
112;0;80
112;1;70
112;2;60
112;3;50
112;4;40
112;5;30
112;6;20
112;7;10
113;0;80
113;1;70
113;2;60
113;3;50
113;4;40
113;5;30
113;6;20
113;7;10
114;0;10
114;1;20
114;2;30
114;3;40
114;4;50
114;5;60
114;6;70
114;7;80
115;0;80
115;1;70
115;2;60
115;3;50
115;4;40
115;5;30
115;6;20
115;7;10
116;0;10
116;1;10
116;2;10
116;3;10
116;4;10
116;5;10
116;6;10
116;7;10
117;0;10
117;1;10
117;2;10
117;3;10
117;4;10
117;5;10
117;6;10
117;7;10
118;0;10
118;1;20
118;2;30
118;3;40
118;4;50
118;5;60
118;6;70
118;7;80
119;0;80
119;1;70
119;2;60
119;3;50
119;4;40
119;5;30
119;6;20
119;7;10
120;0;80
120;1;70
120;2;60
120;3;50
120;4;40
120;5;30
120;6;20
120;7;10
121;0;10
121;1;10
121;2;10
121;3;10
121;4;10
121;5;10
121;6;10
121;7;10
122;0;10
122;1;10
122;2;10
122;3;10
122;4;10
122;5;10
122;6;10
122;7;10
123;0;10
123;1;20
123;2;30
123;3;40
123;4;50
123;5;60
123;6;70
123;7;80
124;0;10
124;1;10
124;2;10
124;3;10
124;4;10
124;5;10
124;6;10
124;7;10
125;0;80
125;1;70
125;2;60
125;3;50
125;4;40
125;5;30
125;6;20
125;7;10
126;0;80
126;1;70
126;2;60
126;3;50
126;4;40
126;5;30
126;6;20
126;7;10
127;0;10
127;1;20
127;2;30
127;3;40
127;4;50
127;5;60
127;6;70
127;7;80
128;0;10
128;1;20
128;2;30
128;3;40
128;4;50
128;5;60
128;6;70
128;7;80
129;0;80
129;1;70
129;2;60
129;3;50
129;4;40
129;5;30
129;6;20
129;7;10
130;0;10
130;1;20
130;2;30
130;3;40
130;4;50
130;5;60
130;6;70
130;7;80
131;0;10
131;1;20
131;2;30
131;3;40
131;4;50
131;5;60
131;6;70
131;7;80
132;0;80
132;1;70
132;2;60
132;3;50
132;4;40
132;5;30
132;6;20
132;7;10
133;0;80
133;1;70
133;2;60
133;3;50
133;4;40
133;5;30
133;6;20
133;7;10
134;0;80
134;1;70
134;2;60
134;3;50
134;4;40
134;5;30
134;6;20
134;7;10
135;0;10
135;1;20
135;2;30
135;3;40
135;4;50
135;5;60
135;6;70
135;7;80
136;0;10
136;1;20
136;2;30
136;3;40
136;4;50
136;5;60
136;6;70
136;7;80
137;0;10
137;1;20
137;2;30
137;3;40
137;4;50
137;5;60
137;6;70
137;7;80
138;0;10
138;1;10
138;2;10
138;3;10
138;4;10
138;5;10
138;6;10
138;7;10
139;0;80
139;1;70
139;2;60
139;3;50
139;4;40
139;5;30
139;6;20
139;7;10
140;0;80
140;1;70
140;2;60
140;3;50
140;4;40
140;5;30
140;6;20
140;7;10
141;0;10
141;1;10
141;2;10
141;3;10
141;4;10
141;5;10
141;6;10
141;7;10
142;0;10
142;1;20
142;2;30
142;3;40
142;4;50
142;5;60
142;6;70
142;7;80
143;0;10
143;1;10
143;2;10
143;3;10
143;4;10
143;5;10
143;6;10
143;7;10
144;0;10
144;1;20
144;2;30
144;3;40
144;4;50
144;5;60
144;6;70
144;7;80
145;0;80
145;1;70
145;2;60
145;3;50
145;4;40
145;5;30
145;6;20
145;7;10
146;0;10
146;1;10
146;2;10
146;3;10
146;4;10
146;5;10
146;6;10
146;7;10
147;0;10
147;1;20
147;2;30
147;3;40
147;4;50
147;5;60
147;6;70
147;7;80
148;0;80
148;1;70
148;2;60
148;3;50
148;4;40
148;5;30
148;6;20
148;7;10
149;0;80
149;1;70
149;2;60
149;3;50
149;4;40
149;5;30
149;6;20
149;7;10
150;0;80
150;1;70
150;2;60
150;3;50
150;4;40
150;5;30
150;6;20
150;7;10
151;0;10
151;1;20
151;2;30
151;3;40
151;4;50
151;5;60
151;6;70
151;7;80
152;0;10
152;1;20
152;2;30
152;3;40
152;4;50
152;5;60
152;6;70
152;7;80
153;0;80
153;1;70
153;2;60
153;3;50
153;4;40
153;5;30
153;6;20
153;7;10
154;0;10
154;1;20
154;2;30
154;3;40
154;4;50
154;5;60
154;6;70
154;7;80
155;0;80
155;1;70
155;2;60
155;3;50
155;4;40
155;5;30
155;6;20
155;7;10
156;0;80
156;1;70
156;2;60
156;3;50
156;4;40
156;5;30
156;6;20
156;7;10
157;0;10
157;1;10
157;2;10
157;3;10
157;4;10
157;5;10
157;6;10
157;7;10
158;0;10
158;1;20
158;2;30
158;3;40
158;4;50
158;5;60
158;6;70
158;7;80
159;0;10
159;1;20
159;2;30
159;3;40
159;4;50
159;5;60
159;6;70
159;7;80
160;0;80
160;1;70
160;2;60
160;3;50
160;4;40
160;5;30
160;6;20
160;7;10
161;0;80
161;1;70
161;2;60
161;3;50
161;4;40
161;5;30
161;6;20
161;7;10
162;0;80
162;1;70
162;2;60
162;3;50
162;4;40
162;5;30
162;6;20
162;7;10
163;0;10
163;1;20
163;2;30
163;3;40
163;4;50
163;5;60
163;6;70
163;7;80
164;0;80
164;1;70
164;2;60
164;3;50
164;4;40
164;5;30
164;6;20
164;7;10
165;0;10
165;1;10
165;2;10
165;3;10
165;4;10
165;5;10
165;6;10
165;7;10
166;0;10
166;1;10
166;2;10
166;3;10
166;4;10
166;5;10
166;6;10
166;7;10
167;0;10
167;1;10
167;2;10
167;3;10
167;4;10
167;5;10
167;6;10
167;7;10
168;0;10
168;1;10
168;2;10
168;3;10
168;4;10
168;5;10
168;6;10
168;7;10
169;0;80
169;1;70
169;2;60
169;3;50
169;4;40
169;5;30
169;6;20
169;7;10
170;0;10
170;1;10
170;2;10
170;3;10
170;4;10
170;5;10
170;6;10
170;7;10
171;0;10
171;1;10
171;2;10
171;3;10
171;4;10
171;5;10
171;6;10
171;7;10
172;0;10
172;1;10
172;2;10
172;3;10
172;4;10
172;5;10
172;6;10
172;7;10
173;0;80
173;1;70
173;2;60
173;3;50
173;4;40
173;5;30
173;6;20
173;7;10
174;0;10
174;1;20
174;2;30
174;3;40
174;4;50
174;5;60
174;6;70
174;7;80
175;0;10
175;1;20
175;2;30
175;3;40
175;4;50
175;5;60
175;6;70
175;7;80
176;0;80
176;1;70
176;2;60
176;3;50
176;4;40
176;5;30
176;6;20
176;7;10
177;0;80
177;1;70
177;2;60
177;3;50
177;4;40
177;5;30
177;6;20
177;7;10
178;0;10
178;1;10
178;2;10
178;3;10
178;4;10
178;5;10
178;6;10
178;7;10
179;0;10
179;1;20
179;2;30
179;3;40
179;4;50
179;5;60
179;6;70
179;7;80
180;0;10
180;1;10
180;2;10
180;3;10
180;4;10
180;5;10
180;6;10
180;7;10
181;0;10
181;1;20
181;2;30
181;3;40
181;4;50
181;5;60
181;6;70
181;7;80
182;0;10
182;1;20
182;2;30
182;3;40
182;4;50
182;5;60
182;6;70
182;7;80
183;0;80
183;1;70
183;2;60
183;3;50
183;4;40
183;5;30
183;6;20
183;7;10
184;0;10
184;1;10
184;2;10
184;3;10
184;4;10
184;5;10
184;6;10
184;7;10
185;0;10
185;1;10
185;2;10
185;3;10
185;4;10
185;5;10
185;6;10
185;7;10
186;0;10
186;1;20
186;2;30
186;3;40
186;4;50
186;5;60
186;6;70
186;7;80
187;0;10
187;1;20
187;2;30
187;3;40
187;4;50
187;5;60
187;6;70
187;7;80
188;0;10
188;1;10
188;2;10
188;3;10
188;4;10
188;5;10
188;6;10
188;7;10
189;0;10
189;1;20
189;2;30
189;3;40
189;4;50
189;5;60
189;6;70
189;7;80
190;0;10
190;1;10
190;2;10
190;3;10
190;4;10
190;5;10
190;6;10
190;7;10
191;0;10
191;1;20
191;2;30
191;3;40
191;4;50
191;5;60
191;6;70
191;7;80
192;0;10
192;1;20
192;2;30
192;3;40
192;4;50
192;5;60
192;6;70
192;7;80
193;0;10
193;1;10
193;2;10
193;3;10
193;4;10
193;5;10
193;6;10
193;7;10
194;0;80
194;1;70
194;2;60
194;3;50
194;4;40
194;5;30
194;6;20
194;7;10
195;0;80
195;1;70
195;2;60
195;3;50
195;4;40
195;5;30
195;6;20
195;7;10
196;0;10
196;1;20
196;2;30
196;3;40
196;4;50
196;5;60
196;6;70
196;7;80
197;0;80
197;1;70
197;2;60
197;3;50
197;4;40
197;5;30
197;6;20
197;7;10
198;0;80
198;1;70
198;2;60
198;3;50
198;4;40
198;5;30
198;6;20
198;7;10
199;0;10
199;1;20
199;2;30
199;3;40
199;4;50
199;5;60
199;6;70
199;7;80
200;0;10
200;1;20
200;2;30
200;3;40
200;4;50
200;5;60
200;6;70
200;7;80
201;0;10
201;1;20
201;2;30
201;3;40
201;4;50
201;5;60
201;6;70
201;7;80
202;0;80
202;1;70
202;2;60
202;3;50
202;4;40
202;5;30
202;6;20
202;7;10
203;0;10
203;1;10
203;2;10
203;3;10
203;4;10
203;5;10
203;6;10
203;7;10
204;0;10
204;1;20
204;2;30
204;3;40
204;4;50
204;5;60
204;6;70
204;7;80
205;0;10
205;1;10
205;2;10
205;3;10
205;4;10
205;5;10
205;6;10
205;7;10
206;0;10
206;1;10
206;2;10
206;3;10
206;4;10
206;5;10
206;6;10
206;7;10
207;0;10
207;1;10
207;2;10
207;3;10
207;4;10
207;5;10
207;6;10
207;7;10
208;0;10
208;1;20
208;2;30
208;3;40
208;4;50
208;5;60
208;6;70
208;7;80
209;0;10
209;1;20
209;2;30
209;3;40
209;4;50
209;5;60
209;6;70
209;7;80
210;0;10
210;1;20
210;2;30
210;3;40
210;4;50
210;5;60
210;6;70
210;7;80
211;0;10
211;1;20
211;2;30
211;3;40
211;4;50
211;5;60
211;6;70
211;7;80
212;0;10
212;1;20
212;2;30
212;3;40
212;4;50
212;5;60
212;6;70
212;7;80
213;0;80
213;1;70
213;2;60
213;3;50
213;4;40
213;5;30
213;6;20
213;7;10
214;0;10
214;1;10
214;2;10
214;3;10
214;4;10
214;5;10
214;6;10
214;7;10
215;0;10
215;1;10
215;2;10
215;3;10
215;4;10
215;5;10
215;6;10
215;7;10
216;0;10
216;1;20
216;2;30
216;3;40
216;4;50
216;5;60
216;6;70
216;7;80
217;0;10
217;1;10
217;2;10
217;3;10
217;4;10
217;5;10
217;6;10
217;7;10
218;0;10
218;1;20
218;2;30
218;3;40
218;4;50
218;5;60
218;6;70
218;7;80
219;0;10
219;1;10
219;2;10
219;3;10
219;4;10
219;5;10
219;6;10
219;7;10
220;0;10
220;1;20
220;2;30
220;3;40
220;4;50
220;5;60
220;6;70
220;7;80
221;0;80
221;1;70
221;2;60
221;3;50
221;4;40
221;5;30
221;6;20
221;7;10
222;0;10
222;1;10
222;2;10
222;3;10
222;4;10
222;5;10
222;6;10
222;7;10
223;0;10
223;1;20
223;2;30
223;3;40
223;4;50
223;5;60
223;6;70
223;7;80
224;0;10
224;1;20
224;2;30
224;3;40
224;4;50
224;5;60
224;6;70
224;7;80
225;0;10
225;1;10
225;2;10
225;3;10
225;4;10
225;5;10
225;6;10
225;7;10
226;0;10
226;1;20
226;2;30
226;3;40
226;4;50
226;5;60
226;6;70
226;7;80
227;0;10
227;1;10
227;2;10
227;3;10
227;4;10
227;5;10
227;6;10
227;7;10
228;0;10
228;1;10
228;2;10
228;3;10
228;4;10
228;5;10
228;6;10
228;7;10
229;0;10
229;1;10
229;2;10
229;3;10
229;4;10
229;5;10
229;6;10
229;7;10
230;0;80
230;1;70
230;2;60
230;3;50
230;4;40
230;5;30
230;6;20
230;7;10
231;0;80
231;1;70
231;2;60
231;3;50
231;4;40
231;5;30
231;6;20
231;7;10
232;0;10
232;1;20
232;2;30
232;3;40
232;4;50
232;5;60
232;6;70
232;7;80
233;0;80
233;1;70
233;2;60
233;3;50
233;4;40
233;5;30
233;6;20
233;7;10
234;0;10
234;1;20
234;2;30
234;3;40
234;4;50
234;5;60
234;6;70
234;7;80
235;0;10
235;1;20
235;2;30
235;3;40
235;4;50
235;5;60
235;6;70
235;7;80
236;0;10
236;1;10
236;2;10
236;3;10
236;4;10
236;5;10
236;6;10
236;7;10
237;0;10
237;1;10
237;2;10
237;3;10
237;4;10
237;5;10
237;6;10
237;7;10
238;0;80
238;1;70
238;2;60
238;3;50
238;4;40
238;5;30
238;6;20
238;7;10
239;0;10
239;1;20
239;2;30
239;3;40
239;4;50
239;5;60
239;6;70
239;7;80
240;0;10
240;1;10
240;2;10
240;3;10
240;4;10
240;5;10
240;6;10
240;7;10
241;0;10
241;1;20
241;2;30
241;3;40
241;4;50
241;5;60
241;6;70
241;7;80
242;0;10
242;1;10
242;2;10
242;3;10
242;4;10
242;5;10
242;6;10
242;7;10
243;0;80
243;1;70
243;2;60
243;3;50
243;4;40
243;5;30
243;6;20
243;7;10
244;0;10
244;1;10
244;2;10
244;3;10
244;4;10
244;5;10
244;6;10
244;7;10
245;0;10
245;1;20
245;2;30
245;3;40
245;4;50
245;5;60
245;6;70
245;7;80
246;0;10
246;1;10
246;2;10
246;3;10
246;4;10
246;5;10
246;6;10
246;7;10
247;0;80
247;1;70
247;2;60
247;3;50
247;4;40
247;5;30
247;6;20
247;7;10
248;0;10
248;1;20
248;2;30
248;3;40
248;4;50
248;5;60
248;6;70
248;7;80
249;0;10
249;1;20
249;2;30
249;3;40
249;4;50
249;5;60
249;6;70
249;7;80
250;0;10
250;1;20
250;2;30
250;3;40
250;4;50
250;5;60
250;6;70
250;7;80
251;0;10
251;1;10
251;2;10
251;3;10
251;4;10
251;5;10
251;6;10
251;7;10
252;0;10
252;1;20
252;2;30
252;3;40
252;4;50
252;5;60
252;6;70
252;7;80
253;0;10
253;1;20
253;2;30
253;3;40
253;4;50
253;5;60
253;6;70
253;7;80
254;0;10
254;1;10
254;2;10
254;3;10
254;4;10
254;5;10
254;6;10
254;7;10
255;0;80
255;1;70
255;2;60
255;3;50
255;4;40
255;5;30
255;6;20
255;7;10
256;0;10
256;1;20
256;2;30
256;3;40
256;4;50
256;5;60
256;6;70
256;7;80
257;0;10
257;1;10
257;2;10
257;3;10
257;4;10
257;5;10
257;6;10
257;7;10
258;0;10
258;1;20
258;2;30
258;3;40
258;4;50
258;5;60
258;6;70
258;7;80
259;0;10
259;1;20
259;2;30
259;3;40
259;4;50
259;5;60
259;6;70
259;7;80
260;0;80
260;1;70
260;2;60
260;3;50
260;4;40
260;5;30
260;6;20
260;7;10
