88;44.0;167
0;0;50
1;0;70
1;1;50
1;3;100
2;0;10
2;4;10
2;6;70
3;1;10
3;2;50
3;3;100
3;9;100
3;7;100
4;2;10
4;3;100
4;12;10
4;10;50
5;2;70
5;3;100
5;13;10
5;15;50
6;16;100
6;18;100
6;4;10
6;5;10
6;6;10
7;19;100
7;5;100
7;6;10
7;21;50
8;24;10
8;22;70
8;5;100
8;6;100
9;8;10
9;9;10
9;27;100
9;25;100
9;7;70
10;8;70
10;9;70
10;28;100
10;30;50
11;8;70
11;9;70
11;33;50
11;31;70
12;8;50
12;9;50
12;34;10
12;36;50
13;10;100
13;11;50
13;12;50
13;37;100
13;39;70
14;40;10
14;42;50
14;11;70
14;12;100
15;43;10
15;11;10
15;12;50
16;11;10
16;12;50
17;13;70
17;14;70
17;15;100
18;14;10
18;15;10
19;14;10
19;15;10
20;14;70
20;15;70
21;16;70
21;17;100
21;18;70
22;17;100
22;18;70
23;17;10
23;18;10
24;17;70
24;18;70
25;19;70
25;20;70
25;21;100
26;20;70
26;21;50
27;20;50
27;21;100
28;20;50
28;21;50
29;24;10
29;22;100
29;23;100
30;24;70
30;23;50
31;24;100
31;23;100
32;24;70
32;23;50
33;25;10
33;26;70
33;27;100
34;26;50
34;27;70
35;26;10
35;27;100
36;26;100
36;27;10
37;26;100
37;27;100
38;28;10
38;29;50
38;30;10
39;29;100
39;30;50
40;29;100
40;30;10
41;29;70
41;30;100
42;29;100
42;30;100
43;32;50
43;33;100
43;31;50
44;32;100
44;33;50
45;32;70
45;33;100
46;32;70
46;33;50
47;32;10
47;33;50
48;34;10
48;35;10
48;36;50
49;35;10
49;36;10
50;35;10
50;36;100
51;35;100
51;36;100
52;35;70
52;36;70
53;37;70
53;38;70
53;39;100
54;38;50
54;39;10
55;38;10
55;39;10
56;38;50
56;39;100
57;38;10
57;39;10
58;40;70
58;41;100
58;42;100
59;41;10
59;42;100
60;41;70
60;42;10
61;41;50
61;42;70
62;41;10
62;42;70
63;43;10
0;0;10
0;1;10
0;2;10
0;3;10
0;4;10
0;5;10
0;6;10
0;7;10
1;0;10
1;1;10
1;2;10
1;3;10
1;4;10
1;5;10
1;6;10
1;7;10
2;0;10
2;1;20
2;2;30
2;3;40
2;4;50
2;5;60
2;6;70
2;7;80
3;0;10
3;1;10
3;2;10
3;3;10
3;4;10
3;5;10
3;6;10
3;7;10
4;0;10
4;1;20
4;2;30
4;3;40
4;4;50
4;5;60
4;6;70
4;7;80
5;0;10
5;1;20
5;2;30
5;3;40
5;4;50
5;5;60
5;6;70
5;7;80
6;0;80
6;1;70
6;2;60
6;3;50
6;4;40
6;5;30
6;6;20
6;7;10
7;0;80
7;1;70
7;2;60
7;3;50
7;4;40
7;5;30
7;6;20
7;7;10
8;0;10
8;1;20
8;2;30
8;3;40
8;4;50
8;5;60
8;6;70
8;7;80
9;0;80
9;1;70
9;2;60
9;3;50
9;4;40
9;5;30
9;6;20
9;7;10
10;0;80
10;1;70
10;2;60
10;3;50
10;4;40
10;5;30
10;6;20
10;7;10
11;0;10
11;1;20
11;2;30
11;3;40
11;4;50
11;5;60
11;6;70
11;7;80
12;0;10
12;1;10
12;2;10
12;3;10
12;4;10
12;5;10
12;6;10
12;7;10
13;0;10
13;1;20
13;2;30
13;3;40
13;4;50
13;5;60
13;6;70
13;7;80
14;0;10
14;1;20
14;2;30
14;3;40
14;4;50
14;5;60
14;6;70
14;7;80
15;0;10
15;1;20
15;2;30
15;3;40
15;4;50
15;5;60
15;6;70
15;7;80
16;0;10
16;1;10
16;2;10
16;3;10
16;4;10
16;5;10
16;6;10
16;7;10
17;0;10
17;1;20
17;2;30
17;3;40
17;4;50
17;5;60
17;6;70
17;7;80
18;0;80
18;1;70
18;2;60
18;3;50
18;4;40
18;5;30
18;6;20
18;7;10
19;0;10
19;1;20
19;2;30
19;3;40
19;4;50
19;5;60
19;6;70
19;7;80
20;0;10
20;1;10
20;2;10
20;3;10
20;4;10
20;5;10
20;6;10
20;7;10
21;0;80
21;1;70
21;2;60
21;3;50
21;4;40
21;5;30
21;6;20
21;7;10
22;0;10
22;1;20
22;2;30
22;3;40
22;4;50
22;5;60
22;6;70
22;7;80
23;0;10
23;1;10
23;2;10
23;3;10
23;4;10
23;5;10
23;6;10
23;7;10
24;0;80
24;1;70
24;2;60
24;3;50
24;4;40
24;5;30
24;6;20
24;7;10
25;0;80
25;1;70
25;2;60
25;3;50
25;4;40
25;5;30
25;6;20
25;7;10
26;0;10
26;1;10
26;2;10
26;3;10
26;4;10
26;5;10
26;6;10
26;7;10
27;0;10
27;1;10
27;2;10
27;3;10
27;4;10
27;5;10
27;6;10
27;7;10
28;0;10
28;1;20
28;2;30
28;3;40
28;4;50
28;5;60
28;6;70
28;7;80
29;0;10
29;1;10
29;2;10
29;3;10
29;4;10
29;5;10
29;6;10
29;7;10
30;0;10
30;1;10
30;2;10
30;3;10
30;4;10
30;5;10
30;6;10
30;7;10
31;0;80
31;1;70
31;2;60
31;3;50
31;4;40
31;5;30
31;6;20
31;7;10
32;0;10
32;1;10
32;2;10
32;3;10
32;4;10
32;5;10
32;6;10
32;7;10
33;0;10
33;1;20
33;2;30
33;3;40
33;4;50
33;5;60
33;6;70
33;7;80
34;0;10
34;1;20
34;2;30
34;3;40
34;4;50
34;5;60
34;6;70
34;7;80
35;0;80
35;1;70
35;2;60
35;3;50
35;4;40
35;5;30
35;6;20
35;7;10
36;0;80
36;1;70
36;2;60
36;3;50
36;4;40
36;5;30
36;6;20
36;7;10
37;0;10
37;1;20
37;2;30
37;3;40
37;4;50
37;5;60
37;6;70
37;7;80
38;0;10
38;1;20
38;2;30
38;3;40
38;4;50
38;5;60
38;6;70
38;7;80
39;0;80
39;1;70
39;2;60
39;3;50
39;4;40
39;5;30
39;6;20
39;7;10
40;0;80
40;1;70
40;2;60
40;3;50
40;4;40
40;5;30
40;6;20
40;7;10
41;0;80
41;1;70
41;2;60
41;3;50
41;4;40
41;5;30
41;6;20
41;7;10
42;0;10
42;1;20
42;2;30
42;3;40
42;4;50
42;5;60
42;6;70
42;7;80
43;0;10
43;1;20
43;2;30
43;3;40
43;4;50
43;5;60
43;6;70
43;7;80
44;0;10
44;1;20
44;2;30
44;3;40
44;4;50
44;5;60
44;6;70
44;7;80
45;0;10
45;1;10
45;2;10
45;3;10
45;4;10
45;5;10
45;6;10
45;7;10
46;0;10
46;1;20
46;2;30
46;3;40
46;4;50
46;5;60
46;6;70
46;7;80
47;0;10
47;1;10
47;2;10
47;3;10
47;4;10
47;5;10
47;6;10
47;7;10
48;0;10
48;1;20
48;2;30
48;3;40
48;4;50
48;5;60
48;6;70
48;7;80
49;0;80
49;1;70
49;2;60
49;3;50
49;4;40
49;5;30
49;6;20
49;7;10
50;0;10
50;1;20
50;2;30
50;3;40
50;4;50
50;5;60
50;6;70
50;7;80
51;0;10
51;1;10
51;2;10
51;3;10
51;4;10
51;5;10
51;6;10
51;7;10
52;0;10
52;1;20
52;2;30
52;3;40
52;4;50
52;5;60
52;6;70
52;7;80
53;0;10
53;1;10
53;2;10
53;3;10
53;4;10
53;5;10
53;6;10
53;7;10
54;0;10
54;1;20
54;2;30
54;3;40
54;4;50
54;5;60
54;6;70
54;7;80
55;0;10
55;1;10
55;2;10
55;3;10
55;4;10
55;5;10
55;6;10
55;7;10
56;0;80
56;1;70
56;2;60
56;3;50
56;4;40
56;5;30
56;6;20
56;7;10
57;0;80
57;1;70
57;2;60
57;3;50
57;4;40
57;5;30
57;6;20
57;7;10
58;0;80
58;1;70
58;2;60
58;3;50
58;4;40
58;5;30
58;6;20
58;7;10
59;0;80
59;1;70
59;2;60
59;3;50
59;4;40
59;5;30
59;6;20
59;7;10
60;0;80
60;1;70
60;2;60
60;3;50
60;4;40
60;5;30
60;6;20
60;7;10
61;0;10
61;1;20
61;2;30
61;3;40
61;4;50
61;5;60
61;6;70
61;7;80
62;0;80
62;1;70
62;2;60
62;3;50
62;4;40
62;5;30
62;6;20
62;7;10
63;0;10
63;1;10
63;2;10
63;3;10
63;4;10
63;5;10
63;6;10
63;7;10
