30;15;49
0;0;70
1;0;70
1;1;100
1;3;50
2;0;100
2;4;10
2;6;100
3;1;100
3;2;10
3;3;10
3;7;50
3;9;50
4;2;70
4;3;50
4;10;70
4;12;100
5;2;70
5;3;100
5;13;100
6;4;10
6;5;70
6;6;100
7;5;70
7;6;10
8;5;10
8;6;10
9;7;70
9;8;70
9;9;100
10;8;10
10;9;10
11;8;100
11;9;50
12;8;70
12;9;100
13;10;50
13;11;70
13;12;10
14;11;70
14;12;70
15;11;100
15;12;100
16;11;10
16;12;50
17;13;100
17;14;70
18;14;50
19;14;100
20;14;100
0;0;10
0;1;20
0;2;30
0;3;40
0;4;50
0;5;60
0;6;70
0;7;80
1;0;10
1;1;20
1;2;30
1;3;40
1;4;50
1;5;60
1;6;70
1;7;80
2;0;80
2;1;70
2;2;60
2;3;50
2;4;40
2;5;30
2;6;20
2;7;10
3;0;10
3;1;20
3;2;30
3;3;40
3;4;50
3;5;60
3;6;70
3;7;80
4;0;10
4;1;20
4;2;30
4;3;40
4;4;50
4;5;60
4;6;70
4;7;80
5;0;10
5;1;10
5;2;10
5;3;10
5;4;10
5;5;10
5;6;10
5;7;10
6;0;10
6;1;10
6;2;10
6;3;10
6;4;10
6;5;10
6;6;10
6;7;10
7;0;80
7;1;70
7;2;60
7;3;50
7;4;40
7;5;30
7;6;20
7;7;10
8;0;10
8;1;10
8;2;10
8;3;10
8;4;10
8;5;10
8;6;10
8;7;10
9;0;10
9;1;10
9;2;10
9;3;10
9;4;10
9;5;10
9;6;10
9;7;10
10;0;10
10;1;10
10;2;10
10;3;10
10;4;10
10;5;10
10;6;10
10;7;10
11;0;10
11;1;10
11;2;10
11;3;10
11;4;10
11;5;10
11;6;10
11;7;10
12;0;10
12;1;20
12;2;30
12;3;40
12;4;50
12;5;60
12;6;70
12;7;80
13;0;10
13;1;10
13;2;10
13;3;10
13;4;10
13;5;10
13;6;10
13;7;10
14;0;10
14;1;20
14;2;30
14;3;40
14;4;50
14;5;60
14;6;70
14;7;80
15;0;10
15;1;20
15;2;30
15;3;40
15;4;50
15;5;60
15;6;70
15;7;80
16;0;10
16;1;10
16;2;10
16;3;10
16;4;10
16;5;10
16;6;10
16;7;10
17;0;10
17;1;10
17;2;10
17;3;10
17;4;10
17;5;10
17;6;10
17;7;10
18;0;80
18;1;70
18;2;60
18;3;50
18;4;40
18;5;30
18;6;20
18;7;10
19;0;10
19;1;10
19;2;10
19;3;10
19;4;10
19;5;10
19;6;10
19;7;10
20;0;80
20;1;70
20;2;60
20;3;50
20;4;40
20;5;30
20;6;20
20;7;10
