70;35;128
0;0;10
1;0;70
1;1;70
1;3;50
2;0;70
2;4;50
2;6;50
3;1;70
3;2;100
3;3;50
3;7;70
3;9;100
4;2;50
4;3;50
4;10;70
4;12;100
5;2;70
5;3;70
5;13;70
5;15;10
6;4;10
6;5;70
6;6;10
6;16;100
6;18;50
7;5;100
7;6;70
7;19;50
7;21;100
8;5;10
8;6;50
8;22;10
8;24;10
9;7;70
9;8;70
9;9;10
9;25;70
9;27;70
10;8;70
10;9;100
10;28;70
10;30;100
11;8;10
11;9;10
11;31;100
11;33;50
12;8;100
12;9;70
12;34;50
13;10;100
13;11;70
13;12;100
14;11;100
14;12;100
15;11;10
15;12;50
16;11;50
16;12;50
17;13;10
17;14;50
17;15;50
18;14;10
18;15;10
19;14;70
19;15;70
20;14;70
20;15;100
21;16;100
21;17;100
21;18;50
22;17;10
22;18;70
23;17;50
23;18;100
24;17;70
24;18;70
25;19;70
25;20;50
25;21;100
26;20;10
26;21;50
27;20;50
27;21;100
28;20;70
28;21;70
29;22;100
29;23;10
29;24;50
30;23;50
30;24;50
31;23;70
31;24;70
32;23;10
32;24;70
33;25;10
33;26;10
33;27;100
34;26;50
34;27;100
35;26;50
35;27;100
36;26;100
36;27;10
37;26;50
37;27;100
38;28;10
38;29;10
38;30;100
39;29;70
39;30;50
40;29;100
40;30;50
41;29;50
41;30;10
42;29;10
42;30;70
43;31;70
43;32;10
43;33;10
44;32;50
44;33;50
45;32;10
45;33;70
46;32;10
46;33;70
47;32;10
47;33;50
48;34;50
0;0;10
0;1;20
0;2;30
0;3;40
0;4;50
0;5;60
0;6;70
0;7;80
1;0;10
1;1;20
1;2;30
1;3;40
1;4;50
1;5;60
1;6;70
1;7;80
2;0;10
2;1;10
2;2;10
2;3;10
2;4;10
2;5;10
2;6;10
2;7;10
3;0;10
3;1;10
3;2;10
3;3;10
3;4;10
3;5;10
3;6;10
3;7;10
4;0;10
4;1;20
4;2;30
4;3;40
4;4;50
4;5;60
4;6;70
4;7;80
5;0;10
5;1;20
5;2;30
5;3;40
5;4;50
5;5;60
5;6;70
5;7;80
6;0;10
6;1;20
6;2;30
6;3;40
6;4;50
6;5;60
6;6;70
6;7;80
7;0;10
7;1;20
7;2;30
7;3;40
7;4;50
7;5;60
7;6;70
7;7;80
8;0;10
8;1;10
8;2;10
8;3;10
8;4;10
8;5;10
8;6;10
8;7;10
9;0;80
9;1;70
9;2;60
9;3;50
9;4;40
9;5;30
9;6;20
9;7;10
10;0;80
10;1;70
10;2;60
10;3;50
10;4;40
10;5;30
10;6;20
10;7;10
11;0;80
11;1;70
11;2;60
11;3;50
11;4;40
11;5;30
11;6;20
11;7;10
12;0;10
12;1;20
12;2;30
12;3;40
12;4;50
12;5;60
12;6;70
12;7;80
13;0;80
13;1;70
13;2;60
13;3;50
13;4;40
13;5;30
13;6;20
13;7;10
14;0;10
14;1;20
14;2;30
14;3;40
14;4;50
14;5;60
14;6;70
14;7;80
15;0;80
15;1;70
15;2;60
15;3;50
15;4;40
15;5;30
15;6;20
15;7;10
16;0;10
16;1;20
16;2;30
16;3;40
16;4;50
16;5;60
16;6;70
16;7;80
17;0;80
17;1;70
17;2;60
17;3;50
17;4;40
17;5;30
17;6;20
17;7;10
18;0;10
18;1;20
18;2;30
18;3;40
18;4;50
18;5;60
18;6;70
18;7;80
19;0;10
19;1;20
19;2;30
19;3;40
19;4;50
19;5;60
19;6;70
19;7;80
20;0;10
20;1;20
20;2;30
20;3;40
20;4;50
20;5;60
20;6;70
20;7;80
21;0;80
21;1;70
21;2;60
21;3;50
21;4;40
21;5;30
21;6;20
21;7;10
22;0;10
22;1;20
22;2;30
22;3;40
22;4;50
22;5;60
22;6;70
22;7;80
23;0;80
23;1;70
23;2;60
23;3;50
23;4;40
23;5;30
23;6;20
23;7;10
24;0;10
24;1;10
24;2;10
24;3;10
24;4;10
24;5;10
24;6;10
24;7;10
25;0;80
25;1;70
25;2;60
25;3;50
25;4;40
25;5;30
25;6;20
25;7;10
26;0;80
26;1;70
26;2;60
26;3;50
26;4;40
26;5;30
26;6;20
26;7;10
27;0;10
27;1;10
27;2;10
27;3;10
27;4;10
27;5;10
27;6;10
27;7;10
28;0;10
28;1;10
28;2;10
28;3;10
28;4;10
28;5;10
28;6;10
28;7;10
29;0;10
29;1;20
29;2;30
29;3;40
29;4;50
29;5;60
29;6;70
29;7;80
30;0;10
30;1;10
30;2;10
30;3;10
30;4;10
30;5;10
30;6;10
30;7;10
31;0;10
31;1;10
31;2;10
31;3;10
31;4;10
31;5;10
31;6;10
31;7;10
32;0;80
32;1;70
32;2;60
32;3;50
32;4;40
32;5;30
32;6;20
32;7;10
33;0;10
33;1;20
33;2;30
33;3;40
33;4;50
33;5;60
33;6;70
33;7;80
34;0;10
34;1;10
34;2;10
34;3;10
34;4;10
34;5;10
34;6;10
34;7;10
35;0;10
35;1;10
35;2;10
35;3;10
35;4;10
35;5;10
35;6;10
35;7;10
36;0;10
36;1;20
36;2;30
36;3;40
36;4;50
36;5;60
36;6;70
36;7;80
37;0;80
37;1;70
37;2;60
37;3;50
37;4;40
37;5;30
37;6;20
37;7;10
38;0;10
38;1;20
38;2;30
38;3;40
38;4;50
38;5;60
38;6;70
38;7;80
39;0;10
39;1;10
39;2;10
39;3;10
39;4;10
39;5;10
39;6;10
39;7;10
40;0;10
40;1;10
40;2;10
40;3;10
40;4;10
40;5;10
40;6;10
40;7;10
41;0;80
41;1;70
41;2;60
41;3;50
41;4;40
41;5;30
41;6;20
41;7;10
42;0;80
42;1;70
42;2;60
42;3;50
42;4;40
42;5;30
42;6;20
42;7;10
43;0;10
43;1;10
43;2;10
43;3;10
43;4;10
43;5;10
43;6;10
43;7;10
44;0;80
44;1;70
44;2;60
44;3;50
44;4;40
44;5;30
44;6;20
44;7;10
45;0;80
45;1;70
45;2;60
45;3;50
45;4;40
45;5;30
45;6;20
45;7;10
46;0;10
46;1;20
46;2;30
46;3;40
46;4;50
46;5;60
46;6;70
46;7;80
47;0;10
47;1;20
47;2;30
47;3;40
47;4;50
47;5;60
47;6;70
47;7;80
48;0;10
48;1;10
48;2;10
48;3;10
48;4;10
48;5;10
48;6;10
48;7;10
