700;350;1661
0;0;50
1;0;100
1;1;50
1;3;70
2;0;50
2;4;100
2;6;10
3;1;70
3;2;100
3;3;10
3;7;10
3;9;10
4;2;100
4;3;100
4;10;10
4;12;50
5;2;70
5;3;70
5;13;50
5;15;100
6;4;70
6;5;10
6;6;70
6;16;10
6;18;70
7;5;100
7;6;10
7;19;100
7;21;100
8;5;50
8;6;70
8;22;70
8;24;70
9;7;100
9;8;100
9;9;50
9;25;50
9;27;70
10;8;100
10;9;100
10;28;50
10;30;70
11;8;70
11;9;70
11;31;10
11;33;10
12;8;70
12;9;70
12;34;100
12;36;100
13;10;100
13;11;70
13;12;100
13;37;100
13;39;50
14;11;50
14;12;100
14;40;70
14;42;100
15;11;10
15;12;50
15;43;10
15;45;10
16;11;10
16;12;100
16;46;100
16;48;10
17;13;70
17;14;10
17;15;10
17;49;50
17;51;10
18;14;10
18;15;50
18;52;70
18;54;10
19;14;70
19;15;10
19;55;70
19;57;70
20;14;70
20;15;10
20;58;50
20;60;70
21;16;70
21;17;10
21;18;10
21;61;70
21;63;10
22;17;100
22;18;50
22;64;100
22;66;100
23;17;10
23;18;10
23;67;50
23;69;100
24;17;50
24;18;50
24;70;100
24;72;100
25;19;10
25;20;50
25;21;50
25;73;70
25;75;70
26;20;70
26;21;50
26;76;70
26;78;70
27;20;100
27;21;50
27;79;50
27;81;50
28;20;10
28;21;50
28;82;70
28;84;10
29;22;50
29;23;50
29;24;70
29;85;70
29;87;100
30;23;70
30;24;50
30;88;10
30;90;10
31;23;70
31;24;100
31;91;50
31;93;50
32;23;70
32;24;70
32;94;50
32;96;100
33;25;100
33;26;10
33;27;100
33;97;70
33;99;10
34;26;100
34;27;50
34;100;10
34;102;100
35;26;70
35;27;10
35;103;100
35;105;100
36;26;10
36;27;100
36;106;70
36;108;10
37;26;50
37;27;10
37;109;70
37;111;70
38;28;100
38;29;100
38;30;70
38;112;50
38;114;10
39;29;70
39;30;100
39;115;100
39;117;10
40;29;50
40;30;50
40;118;10
40;120;50
41;29;50
41;30;50
41;121;10
41;123;50
42;29;50
42;30;10
42;124;100
42;126;70
43;31;10
43;32;50
43;33;50
43;127;100
43;129;50
44;32;50
44;33;50
44;130;100
44;132;100
45;32;50
45;33;100
45;133;50
45;135;70
46;32;70
46;33;70
46;136;50
46;138;50
47;32;10
47;33;100
47;139;50
47;141;100
48;34;100
48;35;50
48;36;50
48;142;100
48;144;70
49;35;70
49;36;70
49;145;70
49;147;10
50;35;70
50;36;50
50;148;10
50;150;10
51;35;70
51;36;50
51;151;50
51;153;100
52;35;50
52;36;50
52;154;100
52;156;10
53;37;100
53;38;100
53;39;50
53;157;70
53;159;100
54;38;70
54;39;70
54;160;50
54;162;100
55;38;70
55;39;10
55;163;70
55;165;100
56;38;50
56;39;70
56;166;10
56;168;100
57;38;70
57;39;50
57;169;100
57;171;10
58;40;50
58;41;70
58;42;50
58;172;50
58;174;100
59;41;50
59;42;100
59;175;70
59;177;10
60;41;100
60;42;70
60;178;70
60;180;10
61;41;100
61;42;10
61;181;100
61;183;50
62;41;50
62;42;10
62;184;70
62;186;100
63;43;70
63;44;70
63;45;100
63;187;100
63;189;100
64;44;50
64;45;100
64;190;70
64;192;50
65;44;10
65;45;70
65;193;50
65;195;10
66;44;70
66;45;100
66;196;70
66;198;50
67;44;50
67;45;10
67;199;70
67;201;100
68;46;100
68;47;50
68;48;50
68;202;50
68;204;10
69;47;50
69;48;50
69;205;50
69;207;10
70;47;50
70;48;50
70;208;70
70;210;100
71;47;100
71;48;50
71;211;10
71;213;70
72;47;70
72;48;10
72;214;50
72;216;50
73;49;50
73;50;10
73;51;100
73;217;70
73;219;50
74;50;70
74;51;10
74;220;100
74;222;50
75;50;100
75;51;10
75;223;70
75;225;100
76;50;10
76;51;100
76;226;70
76;228;100
77;50;70
77;51;70
77;229;70
77;231;50
78;52;100
78;53;70
78;54;50
78;232;10
78;234;50
79;53;100
79;54;70
79;235;10
79;237;100
80;53;10
80;54;70
80;238;70
80;240;70
81;53;50
81;54;10
81;241;100
81;243;10
82;53;10
82;54;10
82;244;100
82;246;70
83;55;50
83;56;50
83;57;50
83;247;50
83;249;100
84;56;50
84;57;10
84;250;100
84;252;100
85;56;100
85;57;70
85;253;70
85;255;100
86;56;50
86;57;10
86;256;50
86;258;100
87;56;10
87;57;10
87;259;100
87;261;100
88;58;50
88;59;10
88;60;10
88;262;70
88;264;100
89;59;10
89;60;10
89;265;10
89;267;50
90;59;50
90;60;50
90;268;100
90;270;50
91;59;50
91;60;10
91;271;70
91;273;100
92;59;70
92;60;100
92;274;100
92;276;10
93;61;50
93;62;70
93;63;100
93;277;50
93;279;10
94;62;10
94;63;10
94;280;10
94;282;50
95;62;70
95;63;50
95;283;50
95;285;50
96;62;50
96;63;100
96;286;10
96;288;100
97;62;100
97;63;70
97;289;70
97;291;50
98;64;70
98;65;10
98;66;10
98;292;100
98;294;50
99;65;70
99;66;10
99;295;10
99;297;10
100;65;100
100;66;100
100;298;50
100;300;70
101;65;10
101;66;70
101;301;10
101;303;70
102;65;10
102;66;100
102;304;100
102;306;100
103;67;50
103;68;10
103;69;50
103;307;100
103;309;70
104;68;100
104;69;10
104;310;100
104;312;100
105;68;10
105;69;10
105;313;10
105;315;100
106;68;100
106;69;100
106;316;10
106;318;50
107;68;100
107;69;100
107;319;100
107;321;50
108;70;50
108;71;50
108;72;10
108;322;50
108;324;100
109;71;50
109;72;10
109;325;50
109;327;50
110;71;10
110;72;100
110;328;50
110;330;70
111;71;50
111;72;100
111;331;50
111;333;50
112;71;10
112;72;10
112;334;100
112;336;10
113;73;70
113;74;100
113;75;70
113;337;10
113;339;10
114;74;100
114;75;100
114;340;10
114;342;10
115;74;70
115;75;100
115;343;70
115;345;50
116;74;50
116;75;100
116;346;70
116;348;50
117;74;70
117;75;50
117;349;50
118;76;50
118;77;70
118;78;100
119;77;70
119;78;10
120;77;70
120;78;100
121;77;10
121;78;50
122;77;10
122;78;100
123;79;70
123;80;10
123;81;70
124;80;10
124;81;70
125;80;50
125;81;70
126;80;100
126;81;50
127;80;50
127;81;100
128;82;50
128;83;70
128;84;70
129;83;100
129;84;10
130;83;50
130;84;10
131;83;100
131;84;70
132;83;50
132;84;10
133;85;50
133;86;50
133;87;50
134;86;10
134;87;70
135;86;70
135;87;100
136;86;70
136;87;10
137;86;10
137;87;10
138;88;50
138;89;100
138;90;10
139;89;70
139;90;10
140;89;70
140;90;70
141;89;10
141;90;100
142;89;10
142;90;50
143;91;100
143;92;100
143;93;10
144;92;70
144;93;100
145;92;70
145;93;10
146;92;10
146;93;100
147;92;70
147;93;10
148;94;10
148;95;100
148;96;70
149;95;70
149;96;10
150;95;100
150;96;100
151;95;70
151;96;10
152;95;100
152;96;50
153;97;50
153;98;70
153;99;50
154;98;50
154;99;100
155;98;50
155;99;10
156;98;10
156;99;100
157;98;100
157;99;50
158;98;10
158;99;50
159;100;100
159;101;10
159;102;10
160;101;50
160;102;100
161;101;50
161;102;100
162;101;10
162;102;50
163;101;10
163;102;70
164;101;10
164;102;10
165;103;10
165;104;100
165;105;70
166;104;10
166;105;70
167;104;50
167;105;100
168;104;50
168;105;70
169;104;70
169;105;70
170;104;100
170;105;50
171;106;100
171;107;50
171;108;10
172;107;100
172;108;70
173;107;70
173;108;10
174;107;10
174;108;50
175;107;50
175;108;100
176;107;100
176;108;70
177;109;10
177;110;100
177;111;50
178;110;70
178;111;50
179;110;10
179;111;50
180;110;50
180;111;10
181;110;100
181;111;50
182;110;50
182;111;70
183;112;10
183;113;10
183;114;70
184;113;10
184;114;70
185;113;100
185;114;10
186;113;70
186;114;100
187;113;100
187;114;100
188;113;50
188;114;10
189;115;70
189;116;70
189;117;70
190;116;100
190;117;100
191;116;10
191;117;10
192;116;100
192;117;70
193;116;100
193;117;10
194;116;50
194;117;70
195;118;50
195;119;70
195;120;10
196;119;100
196;120;10
197;119;70
197;120;50
198;119;50
198;120;100
199;119;10
199;120;10
200;119;70
200;120;10
201;121;50
201;122;70
201;123;10
202;122;100
202;123;50
203;122;100
203;123;100
204;122;70
204;123;100
205;122;50
205;123;100
206;122;50
206;123;70
207;124;70
207;125;10
207;126;70
208;125;10
208;126;10
209;125;10
209;126;100
210;125;50
210;126;100
211;125;10
211;126;100
212;125;100
212;126;50
213;127;70
213;128;50
213;129;10
214;128;10
214;129;10
215;128;70
215;129;70
216;128;100
216;129;100
217;128;50
217;129;10
218;128;70
218;129;10
219;130;100
219;131;70
219;132;10
220;131;70
220;132;50
221;131;100
221;132;70
222;131;100
222;132;50
223;131;100
223;132;50
224;131;70
224;132;10
225;133;70
225;134;100
225;135;10
226;134;10
226;135;50
227;134;10
227;135;50
228;134;70
228;135;50
229;134;70
229;135;10
230;134;100
230;135;10
231;136;100
231;137;70
231;138;70
232;137;100
232;138;10
233;137;50
233;138;50
234;137;10
234;138;10
235;137;10
235;138;10
236;137;50
236;138;10
237;139;100
237;140;50
237;141;50
238;140;70
238;141;10
239;140;100
239;141;10
240;140;10
240;141;100
241;140;100
241;141;70
242;140;10
242;141;50
243;142;50
243;143;70
243;144;50
244;143;50
244;144;70
245;143;70
245;144;100
246;143;10
246;144;70
247;143;70
247;144;100
248;143;50
248;144;50
249;145;50
249;146;70
249;147;100
250;146;50
250;147;100
251;146;10
251;147;100
252;146;100
252;147;10
253;146;100
253;147;10
254;146;100
254;147;100
255;148;10
255;149;50
255;150;70
256;149;50
256;150;70
257;149;100
257;150;100
258;149;50
258;150;70
259;149;50
259;150;100
260;149;100
260;150;50
261;151;100
261;152;50
261;153;100
262;152;70
262;153;50
263;152;100
263;153;100
264;152;70
264;153;100
265;152;100
265;153;50
266;152;70
266;153;10
267;154;100
267;155;100
267;156;50
268;155;70
268;156;70
269;155;10
269;156;70
270;155;70
270;156;70
271;155;100
271;156;100
272;155;10
272;156;70
273;157;70
273;158;70
273;159;70
274;158;50
274;159;10
275;158;10
275;159;70
276;158;100
276;159;70
277;158;70
277;159;50
278;158;100
278;159;10
279;160;10
279;161;50
279;162;100
280;161;50
280;162;50
281;161;50
281;162;50
282;161;100
282;162;70
283;161;10
283;162;10
284;161;70
284;162;10
285;163;100
285;164;50
285;165;50
286;164;10
286;165;50
287;164;100
287;165;70
288;164;10
288;165;10
289;164;50
289;165;50
290;164;50
290;165;50
291;166;100
291;167;70
291;168;70
292;167;50
292;168;70
293;167;100
293;168;10
294;167;50
294;168;100
295;167;50
295;168;70
296;167;100
296;168;50
297;169;50
297;170;50
297;171;70
298;170;10
298;171;70
299;170;100
299;171;10
300;170;50
300;171;50
301;170;100
301;171;70
302;170;100
302;171;10
303;172;100
303;173;50
303;174;100
304;173;10
304;174;70
305;173;100
305;174;50
306;173;50
306;174;10
307;173;10
307;174;10
308;173;50
308;174;70
309;175;70
309;176;70
309;177;70
310;176;100
310;177;70
311;176;100
311;177;100
312;176;70
312;177;50
313;176;70
313;177;50
314;176;100
314;177;50
315;178;100
315;179;50
315;180;10
316;179;50
316;180;70
317;179;50
317;180;70
318;179;100
318;180;100
319;179;50
319;180;50
320;179;50
320;180;50
321;181;70
321;182;100
321;183;100
322;182;100
322;183;70
323;182;100
323;183;70
324;182;50
324;183;10
325;182;70
325;183;100
326;182;10
326;183;70
327;184;50
327;185;70
327;186;50
328;185;10
328;186;10
329;185;10
329;186;70
330;185;100
330;186;50
331;185;50
331;186;10
332;185;70
332;186;10
333;187;10
333;188;100
333;189;100
334;188;10
334;189;100
335;188;50
335;189;70
336;188;70
336;189;100
337;188;100
337;189;10
338;188;10
338;189;70
339;190;10
339;191;70
339;192;70
340;191;50
340;192;70
341;191;100
341;192;50
342;191;50
342;192;100
343;191;70
343;192;100
344;191;70
344;192;100
345;193;50
345;194;50
345;195;50
346;194;50
346;195;100
347;194;10
347;195;50
348;194;100
348;195;10
349;194;50
349;195;10
350;194;10
350;195;50
351;196;50
351;197;70
351;198;10
352;197;100
352;198;50
353;197;10
353;198;70
354;197;100
354;198;10
355;197;10
355;198;10
356;197;50
356;198;50
357;199;50
357;200;50
357;201;50
358;200;10
358;201;70
359;200;70
359;201;70
360;200;100
360;201;70
361;200;10
361;201;70
362;200;70
362;201;100
363;202;10
363;203;50
363;204;50
364;203;70
364;204;10
365;203;100
365;204;100
366;203;70
366;204;70
367;203;50
367;204;50
368;203;50
368;204;100
369;205;50
369;206;100
369;207;70
370;206;70
370;207;100
371;206;100
371;207;50
372;206;70
372;207;100
373;206;50
373;207;50
374;206;10
374;207;10
375;208;100
375;209;50
375;210;70
376;209;100
376;210;70
377;209;70
377;210;10
378;209;10
378;210;10
379;209;70
379;210;100
380;209;100
380;210;70
381;211;100
381;212;100
381;213;100
382;212;10
382;213;10
383;212;100
383;213;70
384;212;10
384;213;100
385;212;10
385;213;70
386;212;10
386;213;70
387;214;50
387;215;10
387;216;70
388;215;100
388;216;70
389;215;100
389;216;10
390;215;70
390;216;100
391;215;70
391;216;100
392;215;50
392;216;10
393;217;50
393;218;50
393;219;70
394;218;70
394;219;10
395;218;10
395;219;100
396;218;50
396;219;100
397;218;50
397;219;100
398;218;10
398;219;10
399;220;50
399;221;70
399;222;10
400;221;10
400;222;70
401;221;100
401;222;70
402;221;50
402;222;100
403;221;50
403;222;50
404;221;50
404;222;70
405;223;70
405;224;70
405;225;50
406;224;10
406;225;10
407;224;50
407;225;70
408;224;100
408;225;70
409;224;70
409;225;10
410;224;10
410;225;100
411;226;10
411;227;10
411;228;10
412;227;70
412;228;10
413;227;100
413;228;50
414;227;10
414;228;50
415;227;10
415;228;50
416;227;10
416;228;70
417;229;50
417;230;70
417;231;70
418;230;70
418;231;10
419;230;100
419;231;100
420;230;50
420;231;10
421;230;70
421;231;70
422;230;100
422;231;100
423;232;50
423;233;100
423;234;50
424;233;10
424;234;70
425;233;10
425;234;10
426;233;100
426;234;50
427;233;50
427;234;100
428;233;70
428;234;70
429;235;50
429;236;50
429;237;10
430;236;100
430;237;50
431;236;10
431;237;10
432;236;10
432;237;50
433;236;50
433;237;100
434;236;70
434;237;100
435;238;50
435;239;50
435;240;50
436;239;100
436;240;100
437;239;100
437;240;10
438;239;100
438;240;70
439;239;50
439;240;100
440;239;100
440;240;50
441;241;70
441;242;70
441;243;10
442;242;10
442;243;70
443;242;70
443;243;10
444;242;70
444;243;100
445;242;50
445;243;50
446;242;50
446;243;50
447;244;100
447;245;50
447;246;50
448;245;10
448;246;50
449;245;100
449;246;50
450;245;70
450;246;70
451;245;100
451;246;50
452;245;10
452;246;70
453;247;100
453;248;50
453;249;100
454;248;70
454;249;100
455;248;70
455;249;100
456;248;100
456;249;10
457;248;50
457;249;50
458;248;70
458;249;100
459;250;70
459;251;50
459;252;70
460;251;70
460;252;70
461;251;100
461;252;50
462;251;70
462;252;100
463;251;50
463;252;10
464;251;10
464;252;50
465;253;100
465;254;70
465;255;100
466;254;100
466;255;10
467;254;10
467;255;70
468;254;10
468;255;70
469;254;100
469;255;50
470;254;100
470;255;70
471;256;70
471;257;70
471;258;10
472;257;10
472;258;50
473;257;50
473;258;10
474;257;70
474;258;10
475;257;50
475;258;50
476;257;70
476;258;70
477;259;50
477;260;100
477;261;70
478;260;70
478;261;100
479;260;50
479;261;50
480;260;50
480;261;50
481;260;100
481;261;70
482;260;100
482;261;10
483;262;50
483;263;50
483;264;70
484;263;50
484;264;100
485;263;50
485;264;70
486;263;50
486;264;70
487;263;100
487;264;50
488;263;50
488;264;50
489;265;10
489;266;70
489;267;100
490;266;10
490;267;100
491;266;70
491;267;70
492;266;100
492;267;100
493;266;100
493;267;50
494;266;100
494;267;50
495;268;50
495;269;100
495;270;100
496;269;70
496;270;50
497;269;100
497;270;70
498;269;70
498;270;10
499;269;10
499;270;10
500;269;100
500;270;10
501;271;50
501;272;70
501;273;50
502;272;10
502;273;10
503;272;70
503;273;70
504;272;70
504;273;10
505;272;100
505;273;50
506;272;10
506;273;10
507;274;100
507;275;100
507;276;70
508;275;70
508;276;10
509;275;100
509;276;50
510;275;70
510;276;100
511;275;50
511;276;10
512;275;70
512;276;50
513;277;50
513;278;10
513;279;100
514;278;100
514;279;70
515;278;50
515;279;100
516;278;100
516;279;70
517;278;50
517;279;10
518;278;100
518;279;70
519;280;10
519;281;50
519;282;70
520;281;100
520;282;10
521;281;70
521;282;10
522;281;10
522;282;70
523;281;70
523;282;50
524;281;50
524;282;50
525;283;70
525;284;100
525;285;70
526;284;10
526;285;70
527;284;50
527;285;100
528;284;70
528;285;10
529;284;50
529;285;10
530;284;100
530;285;50
531;286;10
531;287;70
531;288;100
532;287;70
532;288;10
533;287;50
533;288;100
534;287;50
534;288;50
535;287;10
535;288;70
536;287;50
536;288;100
537;289;70
537;290;50
537;291;100
538;290;10
538;291;50
539;290;50
539;291;70
540;290;100
540;291;100
541;290;50
541;291;50
542;290;100
542;291;10
543;292;70
543;293;50
543;294;10
544;293;70
544;294;70
545;293;70
545;294;100
546;293;50
546;294;50
547;293;70
547;294;10
548;293;50
548;294;70
549;295;10
549;296;70
549;297;10
550;296;50
550;297;100
551;296;70
551;297;10
552;296;10
552;297;100
553;296;70
553;297;100
554;296;10
554;297;100
555;298;50
555;299;70
555;300;50
556;299;70
556;300;10
557;299;70
557;300;10
558;299;100
558;300;100
559;299;50
559;300;70
560;299;70
560;300;10
561;301;10
561;302;10
561;303;100
562;302;50
562;303;70
563;302;10
563;303;10
564;302;10
564;303;50
565;302;100
565;303;50
566;302;70
566;303;10
567;304;10
567;305;70
567;306;100
568;305;10
568;306;100
569;305;70
569;306;70
570;305;50
570;306;10
571;305;70
571;306;50
572;305;70
572;306;100
573;307;100
573;308;100
573;309;10
574;308;10
574;309;10
575;308;100
575;309;70
576;308;100
576;309;50
577;308;70
577;309;100
578;308;50
578;309;70
579;310;50
579;311;70
579;312;100
580;311;100
580;312;100
581;311;70
581;312;50
582;311;10
582;312;100
583;311;100
583;312;70
584;311;10
584;312;10
585;313;70
585;314;10
585;315;100
586;314;70
586;315;70
587;314;10
587;315;70
588;314;10
588;315;100
589;314;100
589;315;100
590;314;100
590;315;100
591;316;100
591;317;10
591;318;100
592;317;70
592;318;50
593;317;50
593;318;50
594;317;10
594;318;100
595;317;50
595;318;10
596;317;70
596;318;10
597;319;70
597;320;100
597;321;70
598;320;100
598;321;50
599;320;50
599;321;50
600;320;70
600;321;50
601;320;50
601;321;70
602;320;50
602;321;50
603;322;50
603;323;10
603;324;50
604;323;70
604;324;100
605;323;100
605;324;70
606;323;10
606;324;50
607;323;50
607;324;100
608;323;50
608;324;50
609;325;10
609;326;10
609;327;10
610;326;50
610;327;100
611;326;50
611;327;100
612;326;50
612;327;100
613;326;70
613;327;100
614;326;50
614;327;10
615;328;70
615;329;70
615;330;100
616;329;70
616;330;100
617;329;70
617;330;50
618;329;100
618;330;50
619;329;100
619;330;10
620;329;10
620;330;50
621;331;100
621;332;100
621;333;50
622;332;70
622;333;100
623;332;70
623;333;70
624;332;50
624;333;100
625;332;70
625;333;100
626;332;50
626;333;10
627;334;10
627;335;100
627;336;70
628;335;100
628;336;70
629;335;50
629;336;100
630;335;10
630;336;100
631;335;100
631;336;70
632;335;70
632;336;10
633;337;10
633;338;100
633;339;70
634;338;10
634;339;50
635;338;70
635;339;50
636;338;10
636;339;100
637;338;70
637;339;10
638;338;50
638;339;10
639;340;10
639;341;10
639;342;100
640;341;10
640;342;100
641;341;100
641;342;50
642;341;100
642;342;70
643;341;50
643;342;70
644;341;50
644;342;50
645;343;70
645;344;50
645;345;10
646;344;10
646;345;100
647;344;10
647;345;100
648;344;100
648;345;50
649;344;50
649;345;70
650;344;70
650;345;10
651;346;100
651;347;100
651;348;100
652;347;70
652;348;10
653;347;50
653;348;50
654;347;70
654;348;10
655;347;70
655;348;100
656;347;50
656;348;10
657;349;10
0;0;80
0;1;70
0;2;60
0;3;50
0;4;40
0;5;30
0;6;20
0;7;10
1;0;10
1;1;10
1;2;10
1;3;10
1;4;10
1;5;10
1;6;10
1;7;10
2;0;10
2;1;10
2;2;10
2;3;10
2;4;10
2;5;10
2;6;10
2;7;10
3;0;10
3;1;20
3;2;30
3;3;40
3;4;50
3;5;60
3;6;70
3;7;80
4;0;10
4;1;10
4;2;10
4;3;10
4;4;10
4;5;10
4;6;10
4;7;10
5;0;10
5;1;10
5;2;10
5;3;10
5;4;10
5;5;10
5;6;10
5;7;10
6;0;80
6;1;70
6;2;60
6;3;50
6;4;40
6;5;30
6;6;20
6;7;10
7;0;10
7;1;10
7;2;10
7;3;10
7;4;10
7;5;10
7;6;10
7;7;10
8;0;80
8;1;70
8;2;60
8;3;50
8;4;40
8;5;30
8;6;20
8;7;10
9;0;10
9;1;20
9;2;30
9;3;40
9;4;50
9;5;60
9;6;70
9;7;80
10;0;10
10;1;10
10;2;10
10;3;10
10;4;10
10;5;10
10;6;10
10;7;10
11;0;80
11;1;70
11;2;60
11;3;50
11;4;40
11;5;30
11;6;20
11;7;10
12;0;10
12;1;20
12;2;30
12;3;40
12;4;50
12;5;60
12;6;70
12;7;80
13;0;10
13;1;10
13;2;10
13;3;10
13;4;10
13;5;10
13;6;10
13;7;10
14;0;10
14;1;20
14;2;30
14;3;40
14;4;50
14;5;60
14;6;70
14;7;80
15;0;10
15;1;10
15;2;10
15;3;10
15;4;10
15;5;10
15;6;10
15;7;10
16;0;10
16;1;10
16;2;10
16;3;10
16;4;10
16;5;10
16;6;10
16;7;10
17;0;80
17;1;70
17;2;60
17;3;50
17;4;40
17;5;30
17;6;20
17;7;10
18;0;10
18;1;20
18;2;30
18;3;40
18;4;50
18;5;60
18;6;70
18;7;80
19;0;10
19;1;20
19;2;30
19;3;40
19;4;50
19;5;60
19;6;70
19;7;80
20;0;10
20;1;20
20;2;30
20;3;40
20;4;50
20;5;60
20;6;70
20;7;80
21;0;80
21;1;70
21;2;60
21;3;50
21;4;40
21;5;30
21;6;20
21;7;10
22;0;80
22;1;70
22;2;60
22;3;50
22;4;40
22;5;30
22;6;20
22;7;10
23;0;10
23;1;10
23;2;10
23;3;10
23;4;10
23;5;10
23;6;10
23;7;10
24;0;10
24;1;10
24;2;10
24;3;10
24;4;10
24;5;10
24;6;10
24;7;10
25;0;10
25;1;10
25;2;10
25;3;10
25;4;10
25;5;10
25;6;10
25;7;10
26;0;80
26;1;70
26;2;60
26;3;50
26;4;40
26;5;30
26;6;20
26;7;10
27;0;10
27;1;20
27;2;30
27;3;40
27;4;50
27;5;60
27;6;70
27;7;80
28;0;10
28;1;20
28;2;30
28;3;40
28;4;50
28;5;60
28;6;70
28;7;80
29;0;10
29;1;10
29;2;10
29;3;10
29;4;10
29;5;10
29;6;10
29;7;10
30;0;80
30;1;70
30;2;60
30;3;50
30;4;40
30;5;30
30;6;20
30;7;10
31;0;80
31;1;70
31;2;60
31;3;50
31;4;40
31;5;30
31;6;20
31;7;10
32;0;10
32;1;10
32;2;10
32;3;10
32;4;10
32;5;10
32;6;10
32;7;10
33;0;80
33;1;70
33;2;60
33;3;50
33;4;40
33;5;30
33;6;20
33;7;10
34;0;10
34;1;10
34;2;10
34;3;10
34;4;10
34;5;10
34;6;10
34;7;10
35;0;10
35;1;20
35;2;30
35;3;40
35;4;50
35;5;60
35;6;70
35;7;80
36;0;10
36;1;10
36;2;10
36;3;10
36;4;10
36;5;10
36;6;10
36;7;10
37;0;10
37;1;20
37;2;30
37;3;40
37;4;50
37;5;60
37;6;70
37;7;80
38;0;10
38;1;20
38;2;30
38;3;40
38;4;50
38;5;60
38;6;70
38;7;80
39;0;10
39;1;10
39;2;10
39;3;10
39;4;10
39;5;10
39;6;10
39;7;10
40;0;10
40;1;10
40;2;10
40;3;10
40;4;10
40;5;10
40;6;10
40;7;10
41;0;10
41;1;20
41;2;30
41;3;40
41;4;50
41;5;60
41;6;70
41;7;80
42;0;80
42;1;70
42;2;60
42;3;50
42;4;40
42;5;30
42;6;20
42;7;10
43;0;80
43;1;70
43;2;60
43;3;50
43;4;40
43;5;30
43;6;20
43;7;10
44;0;80
44;1;70
44;2;60
44;3;50
44;4;40
44;5;30
44;6;20
44;7;10
45;0;80
45;1;70
45;2;60
45;3;50
45;4;40
45;5;30
45;6;20
45;7;10
46;0;10
46;1;10
46;2;10
46;3;10
46;4;10
46;5;10
46;6;10
46;7;10
47;0;80
47;1;70
47;2;60
47;3;50
47;4;40
47;5;30
47;6;20
47;7;10
48;0;10
48;1;10
48;2;10
48;3;10
48;4;10
48;5;10
48;6;10
48;7;10
49;0;80
49;1;70
49;2;60
49;3;50
49;4;40
49;5;30
49;6;20
49;7;10
50;0;80
50;1;70
50;2;60
50;3;50
50;4;40
50;5;30
50;6;20
50;7;10
51;0;80
51;1;70
51;2;60
51;3;50
51;4;40
51;5;30
51;6;20
51;7;10
52;0;10
52;1;10
52;2;10
52;3;10
52;4;10
52;5;10
52;6;10
52;7;10
53;0;10
53;1;20
53;2;30
53;3;40
53;4;50
53;5;60
53;6;70
53;7;80
54;0;10
54;1;20
54;2;30
54;3;40
54;4;50
54;5;60
54;6;70
54;7;80
55;0;10
55;1;10
55;2;10
55;3;10
55;4;10
55;5;10
55;6;10
55;7;10
56;0;10
56;1;20
56;2;30
56;3;40
56;4;50
56;5;60
56;6;70
56;7;80
57;0;10
57;1;10
57;2;10
57;3;10
57;4;10
57;5;10
57;6;10
57;7;10
58;0;80
58;1;70
58;2;60
58;3;50
58;4;40
58;5;30
58;6;20
58;7;10
59;0;10
59;1;20
59;2;30
59;3;40
59;4;50
59;5;60
59;6;70
59;7;80
60;0;10
60;1;10
60;2;10
60;3;10
60;4;10
60;5;10
60;6;10
60;7;10
61;0;10
61;1;20
61;2;30
61;3;40
61;4;50
61;5;60
61;6;70
61;7;80
62;0;80
62;1;70
62;2;60
62;3;50
62;4;40
62;5;30
62;6;20
62;7;10
63;0;10
63;1;10
63;2;10
63;3;10
63;4;10
63;5;10
63;6;10
63;7;10
64;0;10
64;1;10
64;2;10
64;3;10
64;4;10
64;5;10
64;6;10
64;7;10
65;0;10
65;1;20
65;2;30
65;3;40
65;4;50
65;5;60
65;6;70
65;7;80
66;0;80
66;1;70
66;2;60
66;3;50
66;4;40
66;5;30
66;6;20
66;7;10
67;0;10
67;1;20
67;2;30
67;3;40
67;4;50
67;5;60
67;6;70
67;7;80
68;0;80
68;1;70
68;2;60
68;3;50
68;4;40
68;5;30
68;6;20
68;7;10
69;0;10
69;1;10
69;2;10
69;3;10
69;4;10
69;5;10
69;6;10
69;7;10
70;0;80
70;1;70
70;2;60
70;3;50
70;4;40
70;5;30
70;6;20
70;7;10
71;0;10
71;1;10
71;2;10
71;3;10
71;4;10
71;5;10
71;6;10
71;7;10
72;0;10
72;1;10
72;2;10
72;3;10
72;4;10
72;5;10
72;6;10
72;7;10
73;0;10
73;1;10
73;2;10
73;3;10
73;4;10
73;5;10
73;6;10
73;7;10
74;0;80
74;1;70
74;2;60
74;3;50
74;4;40
74;5;30
74;6;20
74;7;10
75;0;80
75;1;70
75;2;60
75;3;50
75;4;40
75;5;30
75;6;20
75;7;10
76;0;80
76;1;70
76;2;60
76;3;50
76;4;40
76;5;30
76;6;20
76;7;10
77;0;10
77;1;10
77;2;10
77;3;10
77;4;10
77;5;10
77;6;10
77;7;10
78;0;10
78;1;10
78;2;10
78;3;10
78;4;10
78;5;10
78;6;10
78;7;10
79;0;10
79;1;20
79;2;30
79;3;40
79;4;50
79;5;60
79;6;70
79;7;80
80;0;10
80;1;20
80;2;30
80;3;40
80;4;50
80;5;60
80;6;70
80;7;80
81;0;10
81;1;10
81;2;10
81;3;10
81;4;10
81;5;10
81;6;10
81;7;10
82;0;80
82;1;70
82;2;60
82;3;50
82;4;40
82;5;30
82;6;20
82;7;10
83;0;10
83;1;20
83;2;30
83;3;40
83;4;50
83;5;60
83;6;70
83;7;80
84;0;80
84;1;70
84;2;60
84;3;50
84;4;40
84;5;30
84;6;20
84;7;10
85;0;80
85;1;70
85;2;60
85;3;50
85;4;40
85;5;30
85;6;20
85;7;10
86;0;10
86;1;10
86;2;10
86;3;10
86;4;10
86;5;10
86;6;10
86;7;10
87;0;10
87;1;10
87;2;10
87;3;10
87;4;10
87;5;10
87;6;10
87;7;10
88;0;10
88;1;10
88;2;10
88;3;10
88;4;10
88;5;10
88;6;10
88;7;10
89;0;80
89;1;70
89;2;60
89;3;50
89;4;40
89;5;30
89;6;20
89;7;10
90;0;10
90;1;20
90;2;30
90;3;40
90;4;50
90;5;60
90;6;70
90;7;80
91;0;10
91;1;10
91;2;10
91;3;10
91;4;10
91;5;10
91;6;10
91;7;10
92;0;10
92;1;10
92;2;10
92;3;10
92;4;10
92;5;10
92;6;10
92;7;10
93;0;10
93;1;20
93;2;30
93;3;40
93;4;50
93;5;60
93;6;70
93;7;80
94;0;80
94;1;70
94;2;60
94;3;50
94;4;40
94;5;30
94;6;20
94;7;10
95;0;10
95;1;20
95;2;30
95;3;40
95;4;50
95;5;60
95;6;70
95;7;80
96;0;10
96;1;20
96;2;30
96;3;40
96;4;50
96;5;60
96;6;70
96;7;80
97;0;80
97;1;70
97;2;60
97;3;50
97;4;40
97;5;30
97;6;20
97;7;10
98;0;10
98;1;10
98;2;10
98;3;10
98;4;10
98;5;10
98;6;10
98;7;10
99;0;10
99;1;20
99;2;30
99;3;40
99;4;50
99;5;60
99;6;70
99;7;80
100;0;80
100;1;70
100;2;60
100;3;50
100;4;40
100;5;30
100;6;20
100;7;10
101;0;10
101;1;20
101;2;30
101;3;40
101;4;50
101;5;60
101;6;70
101;7;80
102;0;10
102;1;20
102;2;30
102;3;40
102;4;50
102;5;60
102;6;70
102;7;80
103;0;10
103;1;10
103;2;10
103;3;10
103;4;10
103;5;10
103;6;10
103;7;10
104;0;10
104;1;10
104;2;10
104;3;10
104;4;10
104;5;10
104;6;10
104;7;10
105;0;80
105;1;70
105;2;60
105;3;50
105;4;40
105;5;30
105;6;20
105;7;10
106;0;10
106;1;20
106;2;30
106;3;40
106;4;50
106;5;60
106;6;70
106;7;80
107;0;10
107;1;10
107;2;10
107;3;10
107;4;10
107;5;10
107;6;10
107;7;10
108;0;10
108;1;10
108;2;10
108;3;10
108;4;10
108;5;10
108;6;10
108;7;10
109;0;10
109;1;10
109;2;10
109;3;10
109;4;10
109;5;10
109;6;10
109;7;10
110;0;80
110;1;70
110;2;60
110;3;50
110;4;40
110;5;30
110;6;20
110;7;10
111;0;80
111;1;70
111;2;60
111;3;50
111;4;40
111;5;30
111;6;20
111;7;10
112;0;10
112;1;20
112;2;30
112;3;40
112;4;50
112;5;60
112;6;70
112;7;80
113;0;80
113;1;70
113;2;60
113;3;50
113;4;40
113;5;30
113;6;20
113;7;10
114;0;10
114;1;20
114;2;30
114;3;40
114;4;50
114;5;60
114;6;70
114;7;80
115;0;10
115;1;10
115;2;10
115;3;10
115;4;10
115;5;10
115;6;10
115;7;10
116;0;10
116;1;10
116;2;10
116;3;10
116;4;10
116;5;10
116;6;10
116;7;10
117;0;80
117;1;70
117;2;60
117;3;50
117;4;40
117;5;30
117;6;20
117;7;10
118;0;10
118;1;20
118;2;30
118;3;40
118;4;50
118;5;60
118;6;70
118;7;80
119;0;10
119;1;20
119;2;30
119;3;40
119;4;50
119;5;60
119;6;70
119;7;80
120;0;10
120;1;10
120;2;10
120;3;10
120;4;10
120;5;10
120;6;10
120;7;10
121;0;80
121;1;70
121;2;60
121;3;50
121;4;40
121;5;30
121;6;20
121;7;10
122;0;10
122;1;20
122;2;30
122;3;40
122;4;50
122;5;60
122;6;70
122;7;80
123;0;80
123;1;70
123;2;60
123;3;50
123;4;40
123;5;30
123;6;20
123;7;10
124;0;80
124;1;70
124;2;60
124;3;50
124;4;40
124;5;30
124;6;20
124;7;10
125;0;80
125;1;70
125;2;60
125;3;50
125;4;40
125;5;30
125;6;20
125;7;10
126;0;10
126;1;10
126;2;10
126;3;10
126;4;10
126;5;10
126;6;10
126;7;10
127;0;10
127;1;10
127;2;10
127;3;10
127;4;10
127;5;10
127;6;10
127;7;10
128;0;80
128;1;70
128;2;60
128;3;50
128;4;40
128;5;30
128;6;20
128;7;10
129;0;10
129;1;10
129;2;10
129;3;10
129;4;10
129;5;10
129;6;10
129;7;10
130;0;10
130;1;10
130;2;10
130;3;10
130;4;10
130;5;10
130;6;10
130;7;10
131;0;10
131;1;10
131;2;10
131;3;10
131;4;10
131;5;10
131;6;10
131;7;10
132;0;10
132;1;10
132;2;10
132;3;10
132;4;10
132;5;10
132;6;10
132;7;10
133;0;80
133;1;70
133;2;60
133;3;50
133;4;40
133;5;30
133;6;20
133;7;10
134;0;10
134;1;20
134;2;30
134;3;40
134;4;50
134;5;60
134;6;70
134;7;80
135;0;80
135;1;70
135;2;60
135;3;50
135;4;40
135;5;30
135;6;20
135;7;10
136;0;80
136;1;70
136;2;60
136;3;50
136;4;40
136;5;30
136;6;20
136;7;10
137;0;80
137;1;70
137;2;60
137;3;50
137;4;40
137;5;30
137;6;20
137;7;10
138;0;10
138;1;10
138;2;10
138;3;10
138;4;10
138;5;10
138;6;10
138;7;10
139;0;10
139;1;10
139;2;10
139;3;10
139;4;10
139;5;10
139;6;10
139;7;10
140;0;80
140;1;70
140;2;60
140;3;50
140;4;40
140;5;30
140;6;20
140;7;10
141;0;10
141;1;20
141;2;30
141;3;40
141;4;50
141;5;60
141;6;70
141;7;80
142;0;80
142;1;70
142;2;60
142;3;50
142;4;40
142;5;30
142;6;20
142;7;10
143;0;10
143;1;20
143;2;30
143;3;40
143;4;50
143;5;60
143;6;70
143;7;80
144;0;10
144;1;20
144;2;30
144;3;40
144;4;50
144;5;60
144;6;70
144;7;80
145;0;10
145;1;10
145;2;10
145;3;10
145;4;10
145;5;10
145;6;10
145;7;10
146;0;80
146;1;70
146;2;60
146;3;50
146;4;40
146;5;30
146;6;20
146;7;10
147;0;80
147;1;70
147;2;60
147;3;50
147;4;40
147;5;30
147;6;20
147;7;10
148;0;10
148;1;10
148;2;10
148;3;10
148;4;10
148;5;10
148;6;10
148;7;10
149;0;80
149;1;70
149;2;60
149;3;50
149;4;40
149;5;30
149;6;20
149;7;10
150;0;10
150;1;20
150;2;30
150;3;40
150;4;50
150;5;60
150;6;70
150;7;80
151;0;10
151;1;20
151;2;30
151;3;40
151;4;50
151;5;60
151;6;70
151;7;80
152;0;10
152;1;20
152;2;30
152;3;40
152;4;50
152;5;60
152;6;70
152;7;80
153;0;80
153;1;70
153;2;60
153;3;50
153;4;40
153;5;30
153;6;20
153;7;10
154;0;10
154;1;20
154;2;30
154;3;40
154;4;50
154;5;60
154;6;70
154;7;80
155;0;10
155;1;10
155;2;10
155;3;10
155;4;10
155;5;10
155;6;10
155;7;10
156;0;10
156;1;10
156;2;10
156;3;10
156;4;10
156;5;10
156;6;10
156;7;10
157;0;10
157;1;10
157;2;10
157;3;10
157;4;10
157;5;10
157;6;10
157;7;10
158;0;10
158;1;10
158;2;10
158;3;10
158;4;10
158;5;10
158;6;10
158;7;10
159;0;10
159;1;20
159;2;30
159;3;40
159;4;50
159;5;60
159;6;70
159;7;80
160;0;80
160;1;70
160;2;60
160;3;50
160;4;40
160;5;30
160;6;20
160;7;10
161;0;10
161;1;10
161;2;10
161;3;10
161;4;10
161;5;10
161;6;10
161;7;10
162;0;80
162;1;70
162;2;60
162;3;50
162;4;40
162;5;30
162;6;20
162;7;10
163;0;10
163;1;10
163;2;10
163;3;10
163;4;10
163;5;10
163;6;10
163;7;10
164;0;10
164;1;20
164;2;30
164;3;40
164;4;50
164;5;60
164;6;70
164;7;80
165;0;10
165;1;10
165;2;10
165;3;10
165;4;10
165;5;10
165;6;10
165;7;10
166;0;10
166;1;10
166;2;10
166;3;10
166;4;10
166;5;10
166;6;10
166;7;10
167;0;80
167;1;70
167;2;60
167;3;50
167;4;40
167;5;30
167;6;20
167;7;10
168;0;80
168;1;70
168;2;60
168;3;50
168;4;40
168;5;30
168;6;20
168;7;10
169;0;80
169;1;70
169;2;60
169;3;50
169;4;40
169;5;30
169;6;20
169;7;10
170;0;10
170;1;10
170;2;10
170;3;10
170;4;10
170;5;10
170;6;10
170;7;10
171;0;10
171;1;20
171;2;30
171;3;40
171;4;50
171;5;60
171;6;70
171;7;80
172;0;10
172;1;10
172;2;10
172;3;10
172;4;10
172;5;10
172;6;10
172;7;10
173;0;80
173;1;70
173;2;60
173;3;50
173;4;40
173;5;30
173;6;20
173;7;10
174;0;10
174;1;10
174;2;10
174;3;10
174;4;10
174;5;10
174;6;10
174;7;10
175;0;10
175;1;20
175;2;30
175;3;40
175;4;50
175;5;60
175;6;70
175;7;80
176;0;10
176;1;20
176;2;30
176;3;40
176;4;50
176;5;60
176;6;70
176;7;80
177;0;80
177;1;70
177;2;60
177;3;50
177;4;40
177;5;30
177;6;20
177;7;10
178;0;10
178;1;10
178;2;10
178;3;10
178;4;10
178;5;10
178;6;10
178;7;10
179;0;10
179;1;10
179;2;10
179;3;10
179;4;10
179;5;10
179;6;10
179;7;10
180;0;10
180;1;10
180;2;10
180;3;10
180;4;10
180;5;10
180;6;10
180;7;10
181;0;10
181;1;10
181;2;10
181;3;10
181;4;10
181;5;10
181;6;10
181;7;10
182;0;80
182;1;70
182;2;60
182;3;50
182;4;40
182;5;30
182;6;20
182;7;10
183;0;10
183;1;10
183;2;10
183;3;10
183;4;10
183;5;10
183;6;10
183;7;10
184;0;10
184;1;20
184;2;30
184;3;40
184;4;50
184;5;60
184;6;70
184;7;80
185;0;80
185;1;70
185;2;60
185;3;50
185;4;40
185;5;30
185;6;20
185;7;10
186;0;10
186;1;10
186;2;10
186;3;10
186;4;10
186;5;10
186;6;10
186;7;10
187;0;80
187;1;70
187;2;60
187;3;50
187;4;40
187;5;30
187;6;20
187;7;10
188;0;10
188;1;10
188;2;10
188;3;10
188;4;10
188;5;10
188;6;10
188;7;10
189;0;10
189;1;20
189;2;30
189;3;40
189;4;50
189;5;60
189;6;70
189;7;80
190;0;10
190;1;10
190;2;10
190;3;10
190;4;10
190;5;10
190;6;10
190;7;10
191;0;10
191;1;10
191;2;10
191;3;10
191;4;10
191;5;10
191;6;10
191;7;10
192;0;10
192;1;10
192;2;10
192;3;10
192;4;10
192;5;10
192;6;10
192;7;10
193;0;80
193;1;70
193;2;60
193;3;50
193;4;40
193;5;30
193;6;20
193;7;10
194;0;10
194;1;20
194;2;30
194;3;40
194;4;50
194;5;60
194;6;70
194;7;80
195;0;10
195;1;20
195;2;30
195;3;40
195;4;50
195;5;60
195;6;70
195;7;80
196;0;10
196;1;10
196;2;10
196;3;10
196;4;10
196;5;10
196;6;10
196;7;10
197;0;10
197;1;20
197;2;30
197;3;40
197;4;50
197;5;60
197;6;70
197;7;80
198;0;10
198;1;20
198;2;30
198;3;40
198;4;50
198;5;60
198;6;70
198;7;80
199;0;80
199;1;70
199;2;60
199;3;50
199;4;40
199;5;30
199;6;20
199;7;10
200;0;10
200;1;10
200;2;10
200;3;10
200;4;10
200;5;10
200;6;10
200;7;10
201;0;10
201;1;10
201;2;10
201;3;10
201;4;10
201;5;10
201;6;10
201;7;10
202;0;10
202;1;20
202;2;30
202;3;40
202;4;50
202;5;60
202;6;70
202;7;80
203;0;10
203;1;20
203;2;30
203;3;40
203;4;50
203;5;60
203;6;70
203;7;80
204;0;10
204;1;20
204;2;30
204;3;40
204;4;50
204;5;60
204;6;70
204;7;80
205;0;10
205;1;10
205;2;10
205;3;10
205;4;10
205;5;10
205;6;10
205;7;10
206;0;10
206;1;10
206;2;10
206;3;10
206;4;10
206;5;10
206;6;10
206;7;10
207;0;10
207;1;20
207;2;30
207;3;40
207;4;50
207;5;60
207;6;70
207;7;80
208;0;10
208;1;10
208;2;10
208;3;10
208;4;10
208;5;10
208;6;10
208;7;10
209;0;10
209;1;10
209;2;10
209;3;10
209;4;10
209;5;10
209;6;10
209;7;10
210;0;80
210;1;70
210;2;60
210;3;50
210;4;40
210;5;30
210;6;20
210;7;10
211;0;10
211;1;20
211;2;30
211;3;40
211;4;50
211;5;60
211;6;70
211;7;80
212;0;10
212;1;20
212;2;30
212;3;40
212;4;50
212;5;60
212;6;70
212;7;80
213;0;80
213;1;70
213;2;60
213;3;50
213;4;40
213;5;30
213;6;20
213;7;10
214;0;80
214;1;70
214;2;60
214;3;50
214;4;40
214;5;30
214;6;20
214;7;10
215;0;10
215;1;20
215;2;30
215;3;40
215;4;50
215;5;60
215;6;70
215;7;80
216;0;80
216;1;70
216;2;60
216;3;50
216;4;40
216;5;30
216;6;20
216;7;10
217;0;80
217;1;70
217;2;60
217;3;50
217;4;40
217;5;30
217;6;20
217;7;10
218;0;80
218;1;70
218;2;60
218;3;50
218;4;40
218;5;30
218;6;20
218;7;10
219;0;10
219;1;10
219;2;10
219;3;10
219;4;10
219;5;10
219;6;10
219;7;10
220;0;10
220;1;10
220;2;10
220;3;10
220;4;10
220;5;10
220;6;10
220;7;10
221;0;80
221;1;70
221;2;60
221;3;50
221;4;40
221;5;30
221;6;20
221;7;10
222;0;10
222;1;20
222;2;30
222;3;40
222;4;50
222;5;60
222;6;70
222;7;80
223;0;10
223;1;10
223;2;10
223;3;10
223;4;10
223;5;10
223;6;10
223;7;10
224;0;80
224;1;70
224;2;60
224;3;50
224;4;40
224;5;30
224;6;20
224;7;10
225;0;80
225;1;70
225;2;60
225;3;50
225;4;40
225;5;30
225;6;20
225;7;10
226;0;10
226;1;20
226;2;30
226;3;40
226;4;50
226;5;60
226;6;70
226;7;80
227;0;80
227;1;70
227;2;60
227;3;50
227;4;40
227;5;30
227;6;20
227;7;10
228;0;80
228;1;70
228;2;60
228;3;50
228;4;40
228;5;30
228;6;20
228;7;10
229;0;80
229;1;70
229;2;60
229;3;50
229;4;40
229;5;30
229;6;20
229;7;10
230;0;10
230;1;20
230;2;30
230;3;40
230;4;50
230;5;60
230;6;70
230;7;80
231;0;10
231;1;20
231;2;30
231;3;40
231;4;50
231;5;60
231;6;70
231;7;80
232;0;10
232;1;10
232;2;10
232;3;10
232;4;10
232;5;10
232;6;10
232;7;10
233;0;10
233;1;10
233;2;10
233;3;10
233;4;10
233;5;10
233;6;10
233;7;10
234;0;10
234;1;10
234;2;10
234;3;10
234;4;10
234;5;10
234;6;10
234;7;10
235;0;80
235;1;70
235;2;60
235;3;50
235;4;40
235;5;30
235;6;20
235;7;10
236;0;10
236;1;10
236;2;10
236;3;10
236;4;10
236;5;10
236;6;10
236;7;10
237;0;10
237;1;20
237;2;30
237;3;40
237;4;50
237;5;60
237;6;70
237;7;80
238;0;10
238;1;20
238;2;30
238;3;40
238;4;50
238;5;60
238;6;70
238;7;80
239;0;10
239;1;10
239;2;10
239;3;10
239;4;10
239;5;10
239;6;10
239;7;10
240;0;10
240;1;10
240;2;10
240;3;10
240;4;10
240;5;10
240;6;10
240;7;10
241;0;10
241;1;20
241;2;30
241;3;40
241;4;50
241;5;60
241;6;70
241;7;80
242;0;10
242;1;10
242;2;10
242;3;10
242;4;10
242;5;10
242;6;10
242;7;10
243;0;80
243;1;70
243;2;60
243;3;50
243;4;40
243;5;30
243;6;20
243;7;10
244;0;10
244;1;10
244;2;10
244;3;10
244;4;10
244;5;10
244;6;10
244;7;10
245;0;80
245;1;70
245;2;60
245;3;50
245;4;40
245;5;30
245;6;20
245;7;10
246;0;10
246;1;20
246;2;30
246;3;40
246;4;50
246;5;60
246;6;70
246;7;80
247;0;10
247;1;10
247;2;10
247;3;10
247;4;10
247;5;10
247;6;10
247;7;10
248;0;10
248;1;10
248;2;10
248;3;10
248;4;10
248;5;10
248;6;10
248;7;10
249;0;10
249;1;10
249;2;10
249;3;10
249;4;10
249;5;10
249;6;10
249;7;10
250;0;10
250;1;20
250;2;30
250;3;40
250;4;50
250;5;60
250;6;70
250;7;80
251;0;10
251;1;10
251;2;10
251;3;10
251;4;10
251;5;10
251;6;10
251;7;10
252;0;80
252;1;70
252;2;60
252;3;50
252;4;40
252;5;30
252;6;20
252;7;10
253;0;80
253;1;70
253;2;60
253;3;50
253;4;40
253;5;30
253;6;20
253;7;10
254;0;10
254;1;10
254;2;10
254;3;10
254;4;10
254;5;10
254;6;10
254;7;10
255;0;80
255;1;70
255;2;60
255;3;50
255;4;40
255;5;30
255;6;20
255;7;10
256;0;10
256;1;20
256;2;30
256;3;40
256;4;50
256;5;60
256;6;70
256;7;80
257;0;10
257;1;10
257;2;10
257;3;10
257;4;10
257;5;10
257;6;10
257;7;10
258;0;80
258;1;70
258;2;60
258;3;50
258;4;40
258;5;30
258;6;20
258;7;10
259;0;80
259;1;70
259;2;60
259;3;50
259;4;40
259;5;30
259;6;20
259;7;10
260;0;80
260;1;70
260;2;60
260;3;50
260;4;40
260;5;30
260;6;20
260;7;10
261;0;80
261;1;70
261;2;60
261;3;50
261;4;40
261;5;30
261;6;20
261;7;10
262;0;80
262;1;70
262;2;60
262;3;50
262;4;40
262;5;30
262;6;20
262;7;10
263;0;10
263;1;20
263;2;30
263;3;40
263;4;50
263;5;60
263;6;70
263;7;80
264;0;10
264;1;10
264;2;10
264;3;10
264;4;10
264;5;10
264;6;10
264;7;10
265;0;10
265;1;10
265;2;10
265;3;10
265;4;10
265;5;10
265;6;10
265;7;10
266;0;80
266;1;70
266;2;60
266;3;50
266;4;40
266;5;30
266;6;20
266;7;10
267;0;10
267;1;20
267;2;30
267;3;40
267;4;50
267;5;60
267;6;70
267;7;80
268;0;10
268;1;10
268;2;10
268;3;10
268;4;10
268;5;10
268;6;10
268;7;10
269;0;10
269;1;10
269;2;10
269;3;10
269;4;10
269;5;10
269;6;10
269;7;10
270;0;80
270;1;70
270;2;60
270;3;50
270;4;40
270;5;30
270;6;20
270;7;10
271;0;80
271;1;70
271;2;60
271;3;50
271;4;40
271;5;30
271;6;20
271;7;10
272;0;10
272;1;10
272;2;10
272;3;10
272;4;10
272;5;10
272;6;10
272;7;10
273;0;10
273;1;10
273;2;10
273;3;10
273;4;10
273;5;10
273;6;10
273;7;10
274;0;80
274;1;70
274;2;60
274;3;50
274;4;40
274;5;30
274;6;20
274;7;10
275;0;10
275;1;10
275;2;10
275;3;10
275;4;10
275;5;10
275;6;10
275;7;10
276;0;10
276;1;10
276;2;10
276;3;10
276;4;10
276;5;10
276;6;10
276;7;10
277;0;10
277;1;20
277;2;30
277;3;40
277;4;50
277;5;60
277;6;70
277;7;80
278;0;10
278;1;20
278;2;30
278;3;40
278;4;50
278;5;60
278;6;70
278;7;80
279;0;10
279;1;10
279;2;10
279;3;10
279;4;10
279;5;10
279;6;10
279;7;10
280;0;10
280;1;10
280;2;10
280;3;10
280;4;10
280;5;10
280;6;10
280;7;10
281;0;80
281;1;70
281;2;60
281;3;50
281;4;40
281;5;30
281;6;20
281;7;10
282;0;10
282;1;10
282;2;10
282;3;10
282;4;10
282;5;10
282;6;10
282;7;10
283;0;10
283;1;20
283;2;30
283;3;40
283;4;50
283;5;60
283;6;70
283;7;80
284;0;80
284;1;70
284;2;60
284;3;50
284;4;40
284;5;30
284;6;20
284;7;10
285;0;80
285;1;70
285;2;60
285;3;50
285;4;40
285;5;30
285;6;20
285;7;10
286;0;10
286;1;20
286;2;30
286;3;40
286;4;50
286;5;60
286;6;70
286;7;80
287;0;80
287;1;70
287;2;60
287;3;50
287;4;40
287;5;30
287;6;20
287;7;10
288;0;10
288;1;20
288;2;30
288;3;40
288;4;50
288;5;60
288;6;70
288;7;80
289;0;80
289;1;70
289;2;60
289;3;50
289;4;40
289;5;30
289;6;20
289;7;10
290;0;10
290;1;20
290;2;30
290;3;40
290;4;50
290;5;60
290;6;70
290;7;80
291;0;10
291;1;10
291;2;10
291;3;10
291;4;10
291;5;10
291;6;10
291;7;10
292;0;10
292;1;10
292;2;10
292;3;10
292;4;10
292;5;10
292;6;10
292;7;10
293;0;10
293;1;10
293;2;10
293;3;10
293;4;10
293;5;10
293;6;10
293;7;10
294;0;80
294;1;70
294;2;60
294;3;50
294;4;40
294;5;30
294;6;20
294;7;10
295;0;10
295;1;10
295;2;10
295;3;10
295;4;10
295;5;10
295;6;10
295;7;10
296;0;10
296;1;20
296;2;30
296;3;40
296;4;50
296;5;60
296;6;70
296;7;80
297;0;10
297;1;20
297;2;30
297;3;40
297;4;50
297;5;60
297;6;70
297;7;80
298;0;80
298;1;70
298;2;60
298;3;50
298;4;40
298;5;30
298;6;20
298;7;10
299;0;10
299;1;20
299;2;30
299;3;40
299;4;50
299;5;60
299;6;70
299;7;80
300;0;10
300;1;10
300;2;10
300;3;10
300;4;10
300;5;10
300;6;10
300;7;10
301;0;80
301;1;70
301;2;60
301;3;50
301;4;40
301;5;30
301;6;20
301;7;10
302;0;80
302;1;70
302;2;60
302;3;50
302;4;40
302;5;30
302;6;20
302;7;10
303;0;80
303;1;70
303;2;60
303;3;50
303;4;40
303;5;30
303;6;20
303;7;10
304;0;80
304;1;70
304;2;60
304;3;50
304;4;40
304;5;30
304;6;20
304;7;10
305;0;80
305;1;70
305;2;60
305;3;50
305;4;40
305;5;30
305;6;20
305;7;10
306;0;10
306;1;20
306;2;30
306;3;40
306;4;50
306;5;60
306;6;70
306;7;80
307;0;10
307;1;10
307;2;10
307;3;10
307;4;10
307;5;10
307;6;10
307;7;10
308;0;10
308;1;20
308;2;30
308;3;40
308;4;50
308;5;60
308;6;70
308;7;80
309;0;10
309;1;20
309;2;30
309;3;40
309;4;50
309;5;60
309;6;70
309;7;80
310;0;10
310;1;20
310;2;30
310;3;40
310;4;50
310;5;60
310;6;70
310;7;80
311;0;10
311;1;10
311;2;10
311;3;10
311;4;10
311;5;10
311;6;10
311;7;10
312;0;10
312;1;20
312;2;30
312;3;40
312;4;50
312;5;60
312;6;70
312;7;80
313;0;10
313;1;20
313;2;30
313;3;40
313;4;50
313;5;60
313;6;70
313;7;80
314;0;80
314;1;70
314;2;60
314;3;50
314;4;40
314;5;30
314;6;20
314;7;10
315;0;80
315;1;70
315;2;60
315;3;50
315;4;40
315;5;30
315;6;20
315;7;10
316;0;10
316;1;20
316;2;30
316;3;40
316;4;50
316;5;60
316;6;70
316;7;80
317;0;10
317;1;20
317;2;30
317;3;40
317;4;50
317;5;60
317;6;70
317;7;80
318;0;80
318;1;70
318;2;60
318;3;50
318;4;40
318;5;30
318;6;20
318;7;10
319;0;10
319;1;10
319;2;10
319;3;10
319;4;10
319;5;10
319;6;10
319;7;10
320;0;80
320;1;70
320;2;60
320;3;50
320;4;40
320;5;30
320;6;20
320;7;10
321;0;10
321;1;10
321;2;10
321;3;10
321;4;10
321;5;10
321;6;10
321;7;10
322;0;10
322;1;10
322;2;10
322;3;10
322;4;10
322;5;10
322;6;10
322;7;10
323;0;10
323;1;10
323;2;10
323;3;10
323;4;10
323;5;10
323;6;10
323;7;10
324;0;80
324;1;70
324;2;60
324;3;50
324;4;40
324;5;30
324;6;20
324;7;10
325;0;10
325;1;20
325;2;30
325;3;40
325;4;50
325;5;60
325;6;70
325;7;80
326;0;10
326;1;10
326;2;10
326;3;10
326;4;10
326;5;10
326;6;10
326;7;10
327;0;10
327;1;20
327;2;30
327;3;40
327;4;50
327;5;60
327;6;70
327;7;80
328;0;10
328;1;10
328;2;10
328;3;10
328;4;10
328;5;10
328;6;10
328;7;10
329;0;10
329;1;20
329;2;30
329;3;40
329;4;50
329;5;60
329;6;70
329;7;80
330;0;80
330;1;70
330;2;60
330;3;50
330;4;40
330;5;30
330;6;20
330;7;10
331;0;80
331;1;70
331;2;60
331;3;50
331;4;40
331;5;30
331;6;20
331;7;10
332;0;80
332;1;70
332;2;60
332;3;50
332;4;40
332;5;30
332;6;20
332;7;10
333;0;10
333;1;20
333;2;30
333;3;40
333;4;50
333;5;60
333;6;70
333;7;80
334;0;10
334;1;20
334;2;30
334;3;40
334;4;50
334;5;60
334;6;70
334;7;80
335;0;10
335;1;20
335;2;30
335;3;40
335;4;50
335;5;60
335;6;70
335;7;80
336;0;10
336;1;10
336;2;10
336;3;10
336;4;10
336;5;10
336;6;10
336;7;10
337;0;10
337;1;10
337;2;10
337;3;10
337;4;10
337;5;10
337;6;10
337;7;10
338;0;10
338;1;10
338;2;10
338;3;10
338;4;10
338;5;10
338;6;10
338;7;10
339;0;10
339;1;20
339;2;30
339;3;40
339;4;50
339;5;60
339;6;70
339;7;80
340;0;80
340;1;70
340;2;60
340;3;50
340;4;40
340;5;30
340;6;20
340;7;10
341;0;80
341;1;70
341;2;60
341;3;50
341;4;40
341;5;30
341;6;20
341;7;10
342;0;10
342;1;10
342;2;10
342;3;10
342;4;10
342;5;10
342;6;10
342;7;10
343;0;10
343;1;20
343;2;30
343;3;40
343;4;50
343;5;60
343;6;70
343;7;80
344;0;10
344;1;10
344;2;10
344;3;10
344;4;10
344;5;10
344;6;10
344;7;10
345;0;10
345;1;20
345;2;30
345;3;40
345;4;50
345;5;60
345;6;70
345;7;80
346;0;10
346;1;20
346;2;30
346;3;40
346;4;50
346;5;60
346;6;70
346;7;80
347;0;10
347;1;10
347;2;10
347;3;10
347;4;10
347;5;10
347;6;10
347;7;10
348;0;80
348;1;70
348;2;60
348;3;50
348;4;40
348;5;30
348;6;20
348;7;10
349;0;10
349;1;20
349;2;30
349;3;40
349;4;50
349;5;60
349;6;70
349;7;80
350;0;80
350;1;70
350;2;60
350;3;50
350;4;40
350;5;30
350;6;20
350;7;10
351;0;10
351;1;20
351;2;30
351;3;40
351;4;50
351;5;60
351;6;70
351;7;80
352;0;80
352;1;70
352;2;60
352;3;50
352;4;40
352;5;30
352;6;20
352;7;10
353;0;10
353;1;10
353;2;10
353;3;10
353;4;10
353;5;10
353;6;10
353;7;10
354;0;10
354;1;20
354;2;30
354;3;40
354;4;50
354;5;60
354;6;70
354;7;80
355;0;80
355;1;70
355;2;60
355;3;50
355;4;40
355;5;30
355;6;20
355;7;10
356;0;10
356;1;20
356;2;30
356;3;40
356;4;50
356;5;60
356;6;70
356;7;80
357;0;10
357;1;10
357;2;10
357;3;10
357;4;10
357;5;10
357;6;10
357;7;10
358;0;10
358;1;10
358;2;10
358;3;10
358;4;10
358;5;10
358;6;10
358;7;10
359;0;10
359;1;20
359;2;30
359;3;40
359;4;50
359;5;60
359;6;70
359;7;80
360;0;10
360;1;20
360;2;30
360;3;40
360;4;50
360;5;60
360;6;70
360;7;80
361;0;10
361;1;10
361;2;10
361;3;10
361;4;10
361;5;10
361;6;10
361;7;10
362;0;10
362;1;20
362;2;30
362;3;40
362;4;50
362;5;60
362;6;70
362;7;80
363;0;10
363;1;10
363;2;10
363;3;10
363;4;10
363;5;10
363;6;10
363;7;10
364;0;10
364;1;20
364;2;30
364;3;40
364;4;50
364;5;60
364;6;70
364;7;80
365;0;10
365;1;20
365;2;30
365;3;40
365;4;50
365;5;60
365;6;70
365;7;80
366;0;10
366;1;20
366;2;30
366;3;40
366;4;50
366;5;60
366;6;70
366;7;80
367;0;10
367;1;20
367;2;30
367;3;40
367;4;50
367;5;60
367;6;70
367;7;80
368;0;10
368;1;20
368;2;30
368;3;40
368;4;50
368;5;60
368;6;70
368;7;80
369;0;10
369;1;10
369;2;10
369;3;10
369;4;10
369;5;10
369;6;10
369;7;10
370;0;10
370;1;10
370;2;10
370;3;10
370;4;10
370;5;10
370;6;10
370;7;10
371;0;80
371;1;70
371;2;60
371;3;50
371;4;40
371;5;30
371;6;20
371;7;10
372;0;10
372;1;10
372;2;10
372;3;10
372;4;10
372;5;10
372;6;10
372;7;10
373;0;10
373;1;20
373;2;30
373;3;40
373;4;50
373;5;60
373;6;70
373;7;80
374;0;10
374;1;10
374;2;10
374;3;10
374;4;10
374;5;10
374;6;10
374;7;10
375;0;80
375;1;70
375;2;60
375;3;50
375;4;40
375;5;30
375;6;20
375;7;10
376;0;80
376;1;70
376;2;60
376;3;50
376;4;40
376;5;30
376;6;20
376;7;10
377;0;10
377;1;10
377;2;10
377;3;10
377;4;10
377;5;10
377;6;10
377;7;10
378;0;10
378;1;10
378;2;10
378;3;10
378;4;10
378;5;10
378;6;10
378;7;10
379;0;80
379;1;70
379;2;60
379;3;50
379;4;40
379;5;30
379;6;20
379;7;10
380;0;10
380;1;10
380;2;10
380;3;10
380;4;10
380;5;10
380;6;10
380;7;10
381;0;10
381;1;20
381;2;30
381;3;40
381;4;50
381;5;60
381;6;70
381;7;80
382;0;10
382;1;20
382;2;30
382;3;40
382;4;50
382;5;60
382;6;70
382;7;80
383;0;10
383;1;20
383;2;30
383;3;40
383;4;50
383;5;60
383;6;70
383;7;80
384;0;80
384;1;70
384;2;60
384;3;50
384;4;40
384;5;30
384;6;20
384;7;10
385;0;10
385;1;20
385;2;30
385;3;40
385;4;50
385;5;60
385;6;70
385;7;80
386;0;80
386;1;70
386;2;60
386;3;50
386;4;40
386;5;30
386;6;20
386;7;10
387;0;10
387;1;10
387;2;10
387;3;10
387;4;10
387;5;10
387;6;10
387;7;10
388;0;10
388;1;20
388;2;30
388;3;40
388;4;50
388;5;60
388;6;70
388;7;80
389;0;10
389;1;10
389;2;10
389;3;10
389;4;10
389;5;10
389;6;10
389;7;10
390;0;10
390;1;10
390;2;10
390;3;10
390;4;10
390;5;10
390;6;10
390;7;10
391;0;80
391;1;70
391;2;60
391;3;50
391;4;40
391;5;30
391;6;20
391;7;10
392;0;10
392;1;10
392;2;10
392;3;10
392;4;10
392;5;10
392;6;10
392;7;10
393;0;10
393;1;10
393;2;10
393;3;10
393;4;10
393;5;10
393;6;10
393;7;10
394;0;10
394;1;10
394;2;10
394;3;10
394;4;10
394;5;10
394;6;10
394;7;10
395;0;10
395;1;10
395;2;10
395;3;10
395;4;10
395;5;10
395;6;10
395;7;10
396;0;10
396;1;10
396;2;10
396;3;10
396;4;10
396;5;10
396;6;10
396;7;10
397;0;10
397;1;10
397;2;10
397;3;10
397;4;10
397;5;10
397;6;10
397;7;10
398;0;80
398;1;70
398;2;60
398;3;50
398;4;40
398;5;30
398;6;20
398;7;10
399;0;10
399;1;10
399;2;10
399;3;10
399;4;10
399;5;10
399;6;10
399;7;10
400;0;10
400;1;10
400;2;10
400;3;10
400;4;10
400;5;10
400;6;10
400;7;10
401;0;10
401;1;20
401;2;30
401;3;40
401;4;50
401;5;60
401;6;70
401;7;80
402;0;10
402;1;10
402;2;10
402;3;10
402;4;10
402;5;10
402;6;10
402;7;10
403;0;10
403;1;10
403;2;10
403;3;10
403;4;10
403;5;10
403;6;10
403;7;10
404;0;10
404;1;10
404;2;10
404;3;10
404;4;10
404;5;10
404;6;10
404;7;10
405;0;80
405;1;70
405;2;60
405;3;50
405;4;40
405;5;30
405;6;20
405;7;10
406;0;10
406;1;20
406;2;30
406;3;40
406;4;50
406;5;60
406;6;70
406;7;80
407;0;10
407;1;20
407;2;30
407;3;40
407;4;50
407;5;60
407;6;70
407;7;80
408;0;10
408;1;20
408;2;30
408;3;40
408;4;50
408;5;60
408;6;70
408;7;80
409;0;80
409;1;70
409;2;60
409;3;50
409;4;40
409;5;30
409;6;20
409;7;10
410;0;10
410;1;10
410;2;10
410;3;10
410;4;10
410;5;10
410;6;10
410;7;10
411;0;10
411;1;10
411;2;10
411;3;10
411;4;10
411;5;10
411;6;10
411;7;10
412;0;10
412;1;20
412;2;30
412;3;40
412;4;50
412;5;60
412;6;70
412;7;80
413;0;10
413;1;20
413;2;30
413;3;40
413;4;50
413;5;60
413;6;70
413;7;80
414;0;10
414;1;20
414;2;30
414;3;40
414;4;50
414;5;60
414;6;70
414;7;80
415;0;10
415;1;20
415;2;30
415;3;40
415;4;50
415;5;60
415;6;70
415;7;80
416;0;10
416;1;10
416;2;10
416;3;10
416;4;10
416;5;10
416;6;10
416;7;10
417;0;10
417;1;20
417;2;30
417;3;40
417;4;50
417;5;60
417;6;70
417;7;80
418;0;80
418;1;70
418;2;60
418;3;50
418;4;40
418;5;30
418;6;20
418;7;10
419;0;10
419;1;20
419;2;30
419;3;40
419;4;50
419;5;60
419;6;70
419;7;80
420;0;80
420;1;70
420;2;60
420;3;50
420;4;40
420;5;30
420;6;20
420;7;10
421;0;80
421;1;70
421;2;60
421;3;50
421;4;40
421;5;30
421;6;20
421;7;10
422;0;80
422;1;70
422;2;60
422;3;50
422;4;40
422;5;30
422;6;20
422;7;10
423;0;80
423;1;70
423;2;60
423;3;50
423;4;40
423;5;30
423;6;20
423;7;10
424;0;10
424;1;10
424;2;10
424;3;10
424;4;10
424;5;10
424;6;10
424;7;10
425;0;10
425;1;10
425;2;10
425;3;10
425;4;10
425;5;10
425;6;10
425;7;10
426;0;10
426;1;20
426;2;30
426;3;40
426;4;50
426;5;60
426;6;70
426;7;80
427;0;10
427;1;20
427;2;30
427;3;40
427;4;50
427;5;60
427;6;70
427;7;80
428;0;10
428;1;20
428;2;30
428;3;40
428;4;50
428;5;60
428;6;70
428;7;80
429;0;80
429;1;70
429;2;60
429;3;50
429;4;40
429;5;30
429;6;20
429;7;10
430;0;80
430;1;70
430;2;60
430;3;50
430;4;40
430;5;30
430;6;20
430;7;10
431;0;10
431;1;20
431;2;30
431;3;40
431;4;50
431;5;60
431;6;70
431;7;80
432;0;80
432;1;70
432;2;60
432;3;50
432;4;40
432;5;30
432;6;20
432;7;10
433;0;10
433;1;20
433;2;30
433;3;40
433;4;50
433;5;60
433;6;70
433;7;80
434;0;80
434;1;70
434;2;60
434;3;50
434;4;40
434;5;30
434;6;20
434;7;10
435;0;10
435;1;20
435;2;30
435;3;40
435;4;50
435;5;60
435;6;70
435;7;80
436;0;80
436;1;70
436;2;60
436;3;50
436;4;40
436;5;30
436;6;20
436;7;10
437;0;10
437;1;10
437;2;10
437;3;10
437;4;10
437;5;10
437;6;10
437;7;10
438;0;80
438;1;70
438;2;60
438;3;50
438;4;40
438;5;30
438;6;20
438;7;10
439;0;10
439;1;10
439;2;10
439;3;10
439;4;10
439;5;10
439;6;10
439;7;10
440;0;10
440;1;20
440;2;30
440;3;40
440;4;50
440;5;60
440;6;70
440;7;80
441;0;80
441;1;70
441;2;60
441;3;50
441;4;40
441;5;30
441;6;20
441;7;10
442;0;80
442;1;70
442;2;60
442;3;50
442;4;40
442;5;30
442;6;20
442;7;10
443;0;80
443;1;70
443;2;60
443;3;50
443;4;40
443;5;30
443;6;20
443;7;10
444;0;10
444;1;20
444;2;30
444;3;40
444;4;50
444;5;60
444;6;70
444;7;80
445;0;80
445;1;70
445;2;60
445;3;50
445;4;40
445;5;30
445;6;20
445;7;10
446;0;10
446;1;20
446;2;30
446;3;40
446;4;50
446;5;60
446;6;70
446;7;80
447;0;10
447;1;20
447;2;30
447;3;40
447;4;50
447;5;60
447;6;70
447;7;80
448;0;80
448;1;70
448;2;60
448;3;50
448;4;40
448;5;30
448;6;20
448;7;10
449;0;10
449;1;10
449;2;10
449;3;10
449;4;10
449;5;10
449;6;10
449;7;10
450;0;10
450;1;20
450;2;30
450;3;40
450;4;50
450;5;60
450;6;70
450;7;80
451;0;80
451;1;70
451;2;60
451;3;50
451;4;40
451;5;30
451;6;20
451;7;10
452;0;10
452;1;10
452;2;10
452;3;10
452;4;10
452;5;10
452;6;10
452;7;10
453;0;10
453;1;20
453;2;30
453;3;40
453;4;50
453;5;60
453;6;70
453;7;80
454;0;10
454;1;20
454;2;30
454;3;40
454;4;50
454;5;60
454;6;70
454;7;80
455;0;10
455;1;10
455;2;10
455;3;10
455;4;10
455;5;10
455;6;10
455;7;10
456;0;10
456;1;10
456;2;10
456;3;10
456;4;10
456;5;10
456;6;10
456;7;10
457;0;10
457;1;10
457;2;10
457;3;10
457;4;10
457;5;10
457;6;10
457;7;10
458;0;10
458;1;20
458;2;30
458;3;40
458;4;50
458;5;60
458;6;70
458;7;80
459;0;10
459;1;20
459;2;30
459;3;40
459;4;50
459;5;60
459;6;70
459;7;80
460;0;10
460;1;10
460;2;10
460;3;10
460;4;10
460;5;10
460;6;10
460;7;10
461;0;10
461;1;20
461;2;30
461;3;40
461;4;50
461;5;60
461;6;70
461;7;80
462;0;80
462;1;70
462;2;60
462;3;50
462;4;40
462;5;30
462;6;20
462;7;10
463;0;80
463;1;70
463;2;60
463;3;50
463;4;40
463;5;30
463;6;20
463;7;10
464;0;10
464;1;20
464;2;30
464;3;40
464;4;50
464;5;60
464;6;70
464;7;80
465;0;10
465;1;10
465;2;10
465;3;10
465;4;10
465;5;10
465;6;10
465;7;10
466;0;80
466;1;70
466;2;60
466;3;50
466;4;40
466;5;30
466;6;20
466;7;10
467;0;10
467;1;20
467;2;30
467;3;40
467;4;50
467;5;60
467;6;70
467;7;80
468;0;10
468;1;20
468;2;30
468;3;40
468;4;50
468;5;60
468;6;70
468;7;80
469;0;10
469;1;20
469;2;30
469;3;40
469;4;50
469;5;60
469;6;70
469;7;80
470;0;10
470;1;20
470;2;30
470;3;40
470;4;50
470;5;60
470;6;70
470;7;80
471;0;10
471;1;20
471;2;30
471;3;40
471;4;50
471;5;60
471;6;70
471;7;80
472;0;10
472;1;20
472;2;30
472;3;40
472;4;50
472;5;60
472;6;70
472;7;80
473;0;10
473;1;10
473;2;10
473;3;10
473;4;10
473;5;10
473;6;10
473;7;10
474;0;10
474;1;20
474;2;30
474;3;40
474;4;50
474;5;60
474;6;70
474;7;80
475;0;10
475;1;10
475;2;10
475;3;10
475;4;10
475;5;10
475;6;10
475;7;10
476;0;10
476;1;10
476;2;10
476;3;10
476;4;10
476;5;10
476;6;10
476;7;10
477;0;10
477;1;10
477;2;10
477;3;10
477;4;10
477;5;10
477;6;10
477;7;10
478;0;10
478;1;20
478;2;30
478;3;40
478;4;50
478;5;60
478;6;70
478;7;80
479;0;80
479;1;70
479;2;60
479;3;50
479;4;40
479;5;30
479;6;20
479;7;10
480;0;10
480;1;20
480;2;30
480;3;40
480;4;50
480;5;60
480;6;70
480;7;80
481;0;10
481;1;20
481;2;30
481;3;40
481;4;50
481;5;60
481;6;70
481;7;80
482;0;10
482;1;20
482;2;30
482;3;40
482;4;50
482;5;60
482;6;70
482;7;80
483;0;10
483;1;20
483;2;30
483;3;40
483;4;50
483;5;60
483;6;70
483;7;80
484;0;80
484;1;70
484;2;60
484;3;50
484;4;40
484;5;30
484;6;20
484;7;10
485;0;80
485;1;70
485;2;60
485;3;50
485;4;40
485;5;30
485;6;20
485;7;10
486;0;10
486;1;10
486;2;10
486;3;10
486;4;10
486;5;10
486;6;10
486;7;10
487;0;80
487;1;70
487;2;60
487;3;50
487;4;40
487;5;30
487;6;20
487;7;10
488;0;10
488;1;10
488;2;10
488;3;10
488;4;10
488;5;10
488;6;10
488;7;10
489;0;80
489;1;70
489;2;60
489;3;50
489;4;40
489;5;30
489;6;20
489;7;10
490;0;80
490;1;70
490;2;60
490;3;50
490;4;40
490;5;30
490;6;20
490;7;10
491;0;10
491;1;10
491;2;10
491;3;10
491;4;10
491;5;10
491;6;10
491;7;10
492;0;10
492;1;10
492;2;10
492;3;10
492;4;10
492;5;10
492;6;10
492;7;10
493;0;80
493;1;70
493;2;60
493;3;50
493;4;40
493;5;30
493;6;20
493;7;10
494;0;10
494;1;10
494;2;10
494;3;10
494;4;10
494;5;10
494;6;10
494;7;10
495;0;80
495;1;70
495;2;60
495;3;50
495;4;40
495;5;30
495;6;20
495;7;10
496;0;10
496;1;20
496;2;30
496;3;40
496;4;50
496;5;60
496;6;70
496;7;80
497;0;80
497;1;70
497;2;60
497;3;50
497;4;40
497;5;30
497;6;20
497;7;10
498;0;10
498;1;10
498;2;10
498;3;10
498;4;10
498;5;10
498;6;10
498;7;10
499;0;10
499;1;10
499;2;10
499;3;10
499;4;10
499;5;10
499;6;10
499;7;10
500;0;10
500;1;10
500;2;10
500;3;10
500;4;10
500;5;10
500;6;10
500;7;10
501;0;10
501;1;20
501;2;30
501;3;40
501;4;50
501;5;60
501;6;70
501;7;80
502;0;10
502;1;20
502;2;30
502;3;40
502;4;50
502;5;60
502;6;70
502;7;80
503;0;10
503;1;20
503;2;30
503;3;40
503;4;50
503;5;60
503;6;70
503;7;80
504;0;10
504;1;20
504;2;30
504;3;40
504;4;50
504;5;60
504;6;70
504;7;80
505;0;10
505;1;10
505;2;10
505;3;10
505;4;10
505;5;10
505;6;10
505;7;10
506;0;10
506;1;10
506;2;10
506;3;10
506;4;10
506;5;10
506;6;10
506;7;10
507;0;10
507;1;10
507;2;10
507;3;10
507;4;10
507;5;10
507;6;10
507;7;10
508;0;80
508;1;70
508;2;60
508;3;50
508;4;40
508;5;30
508;6;20
508;7;10
509;0;80
509;1;70
509;2;60
509;3;50
509;4;40
509;5;30
509;6;20
509;7;10
510;0;10
510;1;20
510;2;30
510;3;40
510;4;50
510;5;60
510;6;70
510;7;80
511;0;10
511;1;20
511;2;30
511;3;40
511;4;50
511;5;60
511;6;70
511;7;80
512;0;10
512;1;10
512;2;10
512;3;10
512;4;10
512;5;10
512;6;10
512;7;10
513;0;10
513;1;20
513;2;30
513;3;40
513;4;50
513;5;60
513;6;70
513;7;80
514;0;80
514;1;70
514;2;60
514;3;50
514;4;40
514;5;30
514;6;20
514;7;10
515;0;80
515;1;70
515;2;60
515;3;50
515;4;40
515;5;30
515;6;20
515;7;10
516;0;10
516;1;10
516;2;10
516;3;10
516;4;10
516;5;10
516;6;10
516;7;10
517;0;10
517;1;10
517;2;10
517;3;10
517;4;10
517;5;10
517;6;10
517;7;10
518;0;10
518;1;10
518;2;10
518;3;10
518;4;10
518;5;10
518;6;10
518;7;10
519;0;10
519;1;10
519;2;10
519;3;10
519;4;10
519;5;10
519;6;10
519;7;10
520;0;80
520;1;70
520;2;60
520;3;50
520;4;40
520;5;30
520;6;20
520;7;10
521;0;10
521;1;20
521;2;30
521;3;40
521;4;50
521;5;60
521;6;70
521;7;80
522;0;80
522;1;70
522;2;60
522;3;50
522;4;40
522;5;30
522;6;20
522;7;10
523;0;10
523;1;20
523;2;30
523;3;40
523;4;50
523;5;60
523;6;70
523;7;80
524;0;80
524;1;70
524;2;60
524;3;50
524;4;40
524;5;30
524;6;20
524;7;10
525;0;80
525;1;70
525;2;60
525;3;50
525;4;40
525;5;30
525;6;20
525;7;10
526;0;80
526;1;70
526;2;60
526;3;50
526;4;40
526;5;30
526;6;20
526;7;10
527;0;10
527;1;20
527;2;30
527;3;40
527;4;50
527;5;60
527;6;70
527;7;80
528;0;10
528;1;20
528;2;30
528;3;40
528;4;50
528;5;60
528;6;70
528;7;80
529;0;10
529;1;10
529;2;10
529;3;10
529;4;10
529;5;10
529;6;10
529;7;10
530;0;10
530;1;20
530;2;30
530;3;40
530;4;50
530;5;60
530;6;70
530;7;80
531;0;10
531;1;10
531;2;10
531;3;10
531;4;10
531;5;10
531;6;10
531;7;10
532;0;10
532;1;10
532;2;10
532;3;10
532;4;10
532;5;10
532;6;10
532;7;10
533;0;80
533;1;70
533;2;60
533;3;50
533;4;40
533;5;30
533;6;20
533;7;10
534;0;10
534;1;10
534;2;10
534;3;10
534;4;10
534;5;10
534;6;10
534;7;10
535;0;10
535;1;20
535;2;30
535;3;40
535;4;50
535;5;60
535;6;70
535;7;80
536;0;10
536;1;20
536;2;30
536;3;40
536;4;50
536;5;60
536;6;70
536;7;80
537;0;10
537;1;20
537;2;30
537;3;40
537;4;50
537;5;60
537;6;70
537;7;80
538;0;10
538;1;20
538;2;30
538;3;40
538;4;50
538;5;60
538;6;70
538;7;80
539;0;10
539;1;20
539;2;30
539;3;40
539;4;50
539;5;60
539;6;70
539;7;80
540;0;10
540;1;10
540;2;10
540;3;10
540;4;10
540;5;10
540;6;10
540;7;10
541;0;80
541;1;70
541;2;60
541;3;50
541;4;40
541;5;30
541;6;20
541;7;10
542;0;10
542;1;20
542;2;30
542;3;40
542;4;50
542;5;60
542;6;70
542;7;80
543;0;10
543;1;10
543;2;10
543;3;10
543;4;10
543;5;10
543;6;10
543;7;10
544;0;80
544;1;70
544;2;60
544;3;50
544;4;40
544;5;30
544;6;20
544;7;10
545;0;80
545;1;70
545;2;60
545;3;50
545;4;40
545;5;30
545;6;20
545;7;10
546;0;80
546;1;70
546;2;60
546;3;50
546;4;40
546;5;30
546;6;20
546;7;10
547;0;80
547;1;70
547;2;60
547;3;50
547;4;40
547;5;30
547;6;20
547;7;10
548;0;10
548;1;10
548;2;10
548;3;10
548;4;10
548;5;10
548;6;10
548;7;10
549;0;10
549;1;10
549;2;10
549;3;10
549;4;10
549;5;10
549;6;10
549;7;10
550;0;10
550;1;10
550;2;10
550;3;10
550;4;10
550;5;10
550;6;10
550;7;10
551;0;10
551;1;20
551;2;30
551;3;40
551;4;50
551;5;60
551;6;70
551;7;80
552;0;10
552;1;10
552;2;10
552;3;10
552;4;10
552;5;10
552;6;10
552;7;10
553;0;10
553;1;10
553;2;10
553;3;10
553;4;10
553;5;10
553;6;10
553;7;10
554;0;10
554;1;20
554;2;30
554;3;40
554;4;50
554;5;60
554;6;70
554;7;80
555;0;10
555;1;10
555;2;10
555;3;10
555;4;10
555;5;10
555;6;10
555;7;10
556;0;10
556;1;20
556;2;30
556;3;40
556;4;50
556;5;60
556;6;70
556;7;80
557;0;10
557;1;20
557;2;30
557;3;40
557;4;50
557;5;60
557;6;70
557;7;80
558;0;10
558;1;10
558;2;10
558;3;10
558;4;10
558;5;10
558;6;10
558;7;10
559;0;10
559;1;20
559;2;30
559;3;40
559;4;50
559;5;60
559;6;70
559;7;80
560;0;80
560;1;70
560;2;60
560;3;50
560;4;40
560;5;30
560;6;20
560;7;10
561;0;10
561;1;10
561;2;10
561;3;10
561;4;10
561;5;10
561;6;10
561;7;10
562;0;10
562;1;20
562;2;30
562;3;40
562;4;50
562;5;60
562;6;70
562;7;80
563;0;80
563;1;70
563;2;60
563;3;50
563;4;40
563;5;30
563;6;20
563;7;10
564;0;10
564;1;10
564;2;10
564;3;10
564;4;10
564;5;10
564;6;10
564;7;10
565;0;10
565;1;10
565;2;10
565;3;10
565;4;10
565;5;10
565;6;10
565;7;10
566;0;10
566;1;10
566;2;10
566;3;10
566;4;10
566;5;10
566;6;10
566;7;10
567;0;10
567;1;20
567;2;30
567;3;40
567;4;50
567;5;60
567;6;70
567;7;80
568;0;10
568;1;10
568;2;10
568;3;10
568;4;10
568;5;10
568;6;10
568;7;10
569;0;80
569;1;70
569;2;60
569;3;50
569;4;40
569;5;30
569;6;20
569;7;10
570;0;10
570;1;20
570;2;30
570;3;40
570;4;50
570;5;60
570;6;70
570;7;80
571;0;10
571;1;10
571;2;10
571;3;10
571;4;10
571;5;10
571;6;10
571;7;10
572;0;10
572;1;20
572;2;30
572;3;40
572;4;50
572;5;60
572;6;70
572;7;80
573;0;10
573;1;10
573;2;10
573;3;10
573;4;10
573;5;10
573;6;10
573;7;10
574;0;10
574;1;10
574;2;10
574;3;10
574;4;10
574;5;10
574;6;10
574;7;10
575;0;10
575;1;20
575;2;30
575;3;40
575;4;50
575;5;60
575;6;70
575;7;80
576;0;10
576;1;10
576;2;10
576;3;10
576;4;10
576;5;10
576;6;10
576;7;10
577;0;10
577;1;10
577;2;10
577;3;10
577;4;10
577;5;10
577;6;10
577;7;10
578;0;80
578;1;70
578;2;60
578;3;50
578;4;40
578;5;30
578;6;20
578;7;10
579;0;10
579;1;20
579;2;30
579;3;40
579;4;50
579;5;60
579;6;70
579;7;80
580;0;10
580;1;10
580;2;10
580;3;10
580;4;10
580;5;10
580;6;10
580;7;10
581;0;10
581;1;20
581;2;30
581;3;40
581;4;50
581;5;60
581;6;70
581;7;80
582;0;80
582;1;70
582;2;60
582;3;50
582;4;40
582;5;30
582;6;20
582;7;10
583;0;10
583;1;20
583;2;30
583;3;40
583;4;50
583;5;60
583;6;70
583;7;80
584;0;80
584;1;70
584;2;60
584;3;50
584;4;40
584;5;30
584;6;20
584;7;10
585;0;80
585;1;70
585;2;60
585;3;50
585;4;40
585;5;30
585;6;20
585;7;10
586;0;80
586;1;70
586;2;60
586;3;50
586;4;40
586;5;30
586;6;20
586;7;10
587;0;10
587;1;10
587;2;10
587;3;10
587;4;10
587;5;10
587;6;10
587;7;10
588;0;10
588;1;20
588;2;30
588;3;40
588;4;50
588;5;60
588;6;70
588;7;80
589;0;10
589;1;20
589;2;30
589;3;40
589;4;50
589;5;60
589;6;70
589;7;80
590;0;10
590;1;10
590;2;10
590;3;10
590;4;10
590;5;10
590;6;10
590;7;10
591;0;10
591;1;20
591;2;30
591;3;40
591;4;50
591;5;60
591;6;70
591;7;80
592;0;10
592;1;20
592;2;30
592;3;40
592;4;50
592;5;60
592;6;70
592;7;80
593;0;80
593;1;70
593;2;60
593;3;50
593;4;40
593;5;30
593;6;20
593;7;10
594;0;80
594;1;70
594;2;60
594;3;50
594;4;40
594;5;30
594;6;20
594;7;10
595;0;10
595;1;20
595;2;30
595;3;40
595;4;50
595;5;60
595;6;70
595;7;80
596;0;10
596;1;10
596;2;10
596;3;10
596;4;10
596;5;10
596;6;10
596;7;10
597;0;10
597;1;20
597;2;30
597;3;40
597;4;50
597;5;60
597;6;70
597;7;80
598;0;10
598;1;20
598;2;30
598;3;40
598;4;50
598;5;60
598;6;70
598;7;80
599;0;80
599;1;70
599;2;60
599;3;50
599;4;40
599;5;30
599;6;20
599;7;10
600;0;10
600;1;20
600;2;30
600;3;40
600;4;50
600;5;60
600;6;70
600;7;80
601;0;80
601;1;70
601;2;60
601;3;50
601;4;40
601;5;30
601;6;20
601;7;10
602;0;80
602;1;70
602;2;60
602;3;50
602;4;40
602;5;30
602;6;20
602;7;10
603;0;80
603;1;70
603;2;60
603;3;50
603;4;40
603;5;30
603;6;20
603;7;10
604;0;10
604;1;10
604;2;10
604;3;10
604;4;10
604;5;10
604;6;10
604;7;10
605;0;10
605;1;10
605;2;10
605;3;10
605;4;10
605;5;10
605;6;10
605;7;10
606;0;10
606;1;20
606;2;30
606;3;40
606;4;50
606;5;60
606;6;70
606;7;80
607;0;10
607;1;20
607;2;30
607;3;40
607;4;50
607;5;60
607;6;70
607;7;80
608;0;10
608;1;10
608;2;10
608;3;10
608;4;10
608;5;10
608;6;10
608;7;10
609;0;10
609;1;10
609;2;10
609;3;10
609;4;10
609;5;10
609;6;10
609;7;10
610;0;10
610;1;20
610;2;30
610;3;40
610;4;50
610;5;60
610;6;70
610;7;80
611;0;10
611;1;20
611;2;30
611;3;40
611;4;50
611;5;60
611;6;70
611;7;80
612;0;10
612;1;20
612;2;30
612;3;40
612;4;50
612;5;60
612;6;70
612;7;80
613;0;10
613;1;10
613;2;10
613;3;10
613;4;10
613;5;10
613;6;10
613;7;10
614;0;10
614;1;10
614;2;10
614;3;10
614;4;10
614;5;10
614;6;10
614;7;10
615;0;80
615;1;70
615;2;60
615;3;50
615;4;40
615;5;30
615;6;20
615;7;10
616;0;10
616;1;20
616;2;30
616;3;40
616;4;50
616;5;60
616;6;70
616;7;80
617;0;10
617;1;20
617;2;30
617;3;40
617;4;50
617;5;60
617;6;70
617;7;80
618;0;10
618;1;10
618;2;10
618;3;10
618;4;10
618;5;10
618;6;10
618;7;10
619;0;10
619;1;20
619;2;30
619;3;40
619;4;50
619;5;60
619;6;70
619;7;80
620;0;10
620;1;20
620;2;30
620;3;40
620;4;50
620;5;60
620;6;70
620;7;80
621;0;10
621;1;10
621;2;10
621;3;10
621;4;10
621;5;10
621;6;10
621;7;10
622;0;80
622;1;70
622;2;60
622;3;50
622;4;40
622;5;30
622;6;20
622;7;10
623;0;10
623;1;10
623;2;10
623;3;10
623;4;10
623;5;10
623;6;10
623;7;10
624;0;80
624;1;70
624;2;60
624;3;50
624;4;40
624;5;30
624;6;20
624;7;10
625;0;80
625;1;70
625;2;60
625;3;50
625;4;40
625;5;30
625;6;20
625;7;10
626;0;10
626;1;20
626;2;30
626;3;40
626;4;50
626;5;60
626;6;70
626;7;80
627;0;10
627;1;10
627;2;10
627;3;10
627;4;10
627;5;10
627;6;10
627;7;10
628;0;10
628;1;20
628;2;30
628;3;40
628;4;50
628;5;60
628;6;70
628;7;80
629;0;10
629;1;10
629;2;10
629;3;10
629;4;10
629;5;10
629;6;10
629;7;10
630;0;10
630;1;10
630;2;10
630;3;10
630;4;10
630;5;10
630;6;10
630;7;10
631;0;10
631;1;10
631;2;10
631;3;10
631;4;10
631;5;10
631;6;10
631;7;10
632;0;80
632;1;70
632;2;60
632;3;50
632;4;40
632;5;30
632;6;20
632;7;10
633;0;10
633;1;20
633;2;30
633;3;40
633;4;50
633;5;60
633;6;70
633;7;80
634;0;10
634;1;10
634;2;10
634;3;10
634;4;10
634;5;10
634;6;10
634;7;10
635;0;10
635;1;20
635;2;30
635;3;40
635;4;50
635;5;60
635;6;70
635;7;80
636;0;10
636;1;20
636;2;30
636;3;40
636;4;50
636;5;60
636;6;70
636;7;80
637;0;10
637;1;10
637;2;10
637;3;10
637;4;10
637;5;10
637;6;10
637;7;10
638;0;10
638;1;20
638;2;30
638;3;40
638;4;50
638;5;60
638;6;70
638;7;80
639;0;80
639;1;70
639;2;60
639;3;50
639;4;40
639;5;30
639;6;20
639;7;10
640;0;10
640;1;20
640;2;30
640;3;40
640;4;50
640;5;60
640;6;70
640;7;80
641;0;10
641;1;20
641;2;30
641;3;40
641;4;50
641;5;60
641;6;70
641;7;80
642;0;10
642;1;10
642;2;10
642;3;10
642;4;10
642;5;10
642;6;10
642;7;10
643;0;10
643;1;20
643;2;30
643;3;40
643;4;50
643;5;60
643;6;70
643;7;80
644;0;10
644;1;20
644;2;30
644;3;40
644;4;50
644;5;60
644;6;70
644;7;80
645;0;10
645;1;10
645;2;10
645;3;10
645;4;10
645;5;10
645;6;10
645;7;10
646;0;80
646;1;70
646;2;60
646;3;50
646;4;40
646;5;30
646;6;20
646;7;10
647;0;10
647;1;20
647;2;30
647;3;40
647;4;50
647;5;60
647;6;70
647;7;80
648;0;10
648;1;20
648;2;30
648;3;40
648;4;50
648;5;60
648;6;70
648;7;80
649;0;10
649;1;20
649;2;30
649;3;40
649;4;50
649;5;60
649;6;70
649;7;80
650;0;10
650;1;20
650;2;30
650;3;40
650;4;50
650;5;60
650;6;70
650;7;80
651;0;10
651;1;20
651;2;30
651;3;40
651;4;50
651;5;60
651;6;70
651;7;80
652;0;80
652;1;70
652;2;60
652;3;50
652;4;40
652;5;30
652;6;20
652;7;10
653;0;80
653;1;70
653;2;60
653;3;50
653;4;40
653;5;30
653;6;20
653;7;10
654;0;10
654;1;10
654;2;10
654;3;10
654;4;10
654;5;10
654;6;10
654;7;10
655;0;10
655;1;10
655;2;10
655;3;10
655;4;10
655;5;10
655;6;10
655;7;10
656;0;10
656;1;10
656;2;10
656;3;10
656;4;10
656;5;10
656;6;10
656;7;10
657;0;10
657;1;20
657;2;30
657;3;40
657;4;50
657;5;60
657;6;70
657;7;80
