1000;500;2439
0;0;100
1;0;70
1;1;100
1;3;100
2;0;100
2;4;50
2;6;50
3;1;10
3;2;50
3;3;70
3;7;100
3;9;10
4;2;100
4;3;10
4;10;50
4;12;100
5;2;70
5;3;10
5;13;100
5;15;100
6;4;100
6;5;50
6;6;70
6;16;70
6;18;50
7;5;50
7;6;50
7;19;10
7;21;100
8;5;10
8;6;70
8;22;70
8;24;10
9;7;10
9;8;10
9;9;100
9;25;10
9;27;10
10;8;70
10;9;70
10;28;10
10;30;100
11;8;10
11;9;100
11;31;50
11;33;100
12;8;50
12;9;70
12;34;70
12;36;70
13;10;10
13;11;10
13;12;10
13;37;10
13;39;100
14;11;70
14;12;100
14;40;50
14;42;50
15;11;100
15;12;100
15;43;70
15;45;100
16;11;70
16;12;50
16;46;100
16;48;10
17;13;100
17;14;100
17;15;50
17;49;70
17;51;50
18;14;10
18;15;50
18;52;70
18;54;10
19;14;10
19;15;50
19;55;50
19;57;70
20;14;50
20;15;50
20;58;10
20;60;10
21;16;70
21;17;70
21;18;70
21;61;70
21;63;100
22;17;70
22;18;70
22;64;70
22;66;50
23;17;50
23;18;70
23;67;70
23;69;50
24;17;50
24;18;70
24;70;50
24;72;100
25;19;70
25;20;10
25;21;10
25;73;10
25;75;10
26;20;70
26;21;70
26;76;10
26;78;10
27;20;100
27;21;50
27;79;70
27;81;70
28;20;100
28;21;10
28;82;50
28;84;70
29;22;100
29;23;100
29;24;100
29;85;70
29;87;50
30;23;50
30;24;50
30;88;10
30;90;70
31;23;100
31;24;100
31;91;70
31;93;100
32;23;10
32;24;50
32;94;70
32;96;70
33;25;10
33;26;70
33;27;10
33;97;70
33;99;10
34;26;70
34;27;10
34;100;50
34;102;50
35;26;10
35;27;70
35;103;100
35;105;70
36;26;50
36;27;50
36;106;70
36;108;100
37;26;70
37;27;10
37;109;50
37;111;70
38;28;100
38;29;70
38;30;70
38;112;10
38;114;100
39;29;10
39;30;100
39;115;100
39;117;70
40;29;50
40;30;100
40;118;50
40;120;50
41;29;10
41;30;50
41;121;50
41;123;100
42;29;100
42;30;50
42;124;10
42;126;10
43;31;10
43;32;100
43;33;100
43;127;50
43;129;70
44;32;100
44;33;10
44;130;100
44;132;70
45;32;100
45;33;10
45;133;100
45;135;100
46;32;70
46;33;50
46;136;70
46;138;10
47;32;100
47;33;70
47;139;70
47;141;70
48;34;70
48;35;70
48;36;50
48;142;100
48;144;10
49;35;10
49;36;70
49;145;70
49;147;70
50;35;70
50;36;10
50;148;100
50;150;50
51;35;70
51;36;10
51;151;100
51;153;50
52;35;10
52;36;100
52;154;50
52;156;100
53;37;100
53;38;50
53;39;10
53;157;70
53;159;100
54;38;100
54;39;50
54;160;70
54;162;50
55;38;70
55;39;100
55;163;10
55;165;70
56;38;70
56;39;10
56;166;100
56;168;10
57;38;10
57;39;70
57;169;70
57;171;70
58;40;100
58;41;70
58;42;50
58;172;50
58;174;100
59;41;100
59;42;100
59;175;100
59;177;10
60;41;100
60;42;10
60;178;10
60;180;50
61;41;70
61;42;100
61;181;100
61;183;10
62;41;10
62;42;10
62;184;100
62;186;50
63;43;70
63;44;70
63;45;50
63;187;70
63;189;100
64;44;70
64;45;50
64;190;50
64;192;10
65;44;100
65;45;10
65;193;10
65;195;10
66;44;10
66;45;10
66;196;50
66;198;100
67;44;70
67;45;50
67;199;50
67;201;50
68;46;70
68;47;10
68;48;100
68;202;10
68;204;100
69;47;50
69;48;70
69;205;10
69;207;50
70;47;70
70;48;100
70;208;10
70;210;10
71;47;50
71;48;70
71;211;50
71;213;70
72;47;10
72;48;50
72;214;100
72;216;50
73;49;100
73;50;70
73;51;10
73;217;50
73;219;70
74;50;70
74;51;100
74;220;70
74;222;100
75;50;100
75;51;50
75;223;50
75;225;50
76;50;100
76;51;70
76;226;50
76;228;100
77;50;50
77;51;10
77;229;70
77;231;70
78;52;100
78;53;50
78;54;50
78;232;50
78;234;70
79;53;10
79;54;10
79;235;100
79;237;70
80;53;10
80;54;10
80;238;50
80;240;10
81;53;100
81;54;10
81;241;70
81;243;50
82;53;70
82;54;50
82;244;50
82;246;100
83;55;50
83;56;50
83;57;70
83;247;50
83;249;10
84;56;100
84;57;50
84;250;10
84;252;50
85;56;10
85;57;50
85;253;50
85;255;70
86;56;100
86;57;100
86;256;70
86;258;70
87;56;70
87;57;50
87;259;70
87;261;70
88;58;50
88;59;70
88;60;10
88;262;100
88;264;50
89;59;100
89;60;100
89;265;100
89;267;50
90;59;10
90;60;10
90;268;70
90;270;70
91;59;70
91;60;10
91;271;70
91;273;50
92;59;10
92;60;10
92;274;10
92;276;50
93;61;100
93;62;50
93;63;70
93;277;100
93;279;10
94;62;70
94;63;100
94;280;50
94;282;100
95;62;10
95;63;10
95;283;10
95;285;100
96;62;100
96;63;70
96;286;100
96;288;100
97;62;100
97;63;100
97;289;10
97;291;100
98;64;50
98;65;50
98;66;70
98;292;10
98;294;50
99;65;50
99;66;50
99;295;70
99;297;100
100;65;10
100;66;50
100;298;10
100;300;70
101;65;50
101;66;70
101;301;70
101;303;100
102;65;70
102;66;70
102;304;50
102;306;10
103;67;70
103;68;100
103;69;50
103;307;70
103;309;70
104;68;50
104;69;10
104;310;50
104;312;10
105;68;100
105;69;10
105;313;10
105;315;50
106;68;50
106;69;10
106;316;10
106;318;70
107;68;50
107;69;10
107;319;50
107;321;10
108;70;100
108;71;70
108;72;10
108;322;50
108;324;50
109;71;50
109;72;50
109;325;50
109;327;70
110;71;10
110;72;70
110;328;100
110;330;10
111;71;100
111;72;10
111;331;10
111;333;100
112;71;10
112;72;70
112;334;70
112;336;70
113;73;50
113;74;50
113;75;50
113;337;10
113;339;70
114;74;10
114;75;10
114;340;70
114;342;100
115;74;70
115;75;70
115;343;100
115;345;50
116;74;100
116;75;70
116;346;100
116;348;10
117;74;70
117;75;10
117;349;10
117;351;10
118;76;70
118;77;100
118;78;50
118;352;100
118;354;70
119;77;50
119;78;70
119;355;10
119;357;50
120;77;10
120;78;70
120;358;100
120;360;70
121;77;10
121;78;100
121;361;50
121;363;10
122;77;70
122;78;100
122;364;50
122;366;100
123;79;10
123;80;10
123;81;70
123;367;10
123;369;70
124;80;100
124;81;70
124;370;100
124;372;100
125;80;10
125;81;50
125;373;70
125;375;10
126;80;10
126;81;50
126;376;70
126;378;100
127;80;70
127;81;70
127;379;10
127;381;10
128;82;100
128;83;50
128;84;10
128;382;70
128;384;50
129;83;100
129;84;50
129;385;50
129;387;10
130;83;10
130;84;70
130;388;70
130;390;50
131;83;10
131;84;50
131;391;100
131;393;50
132;83;100
132;84;10
132;394;10
132;396;10
133;85;10
133;86;50
133;87;70
133;397;100
133;399;70
134;86;10
134;87;50
134;400;100
134;402;100
135;86;50
135;87;70
135;403;70
135;405;100
136;86;10
136;87;50
136;406;70
136;408;10
137;86;70
137;87;70
137;409;70
137;411;70
138;88;10
138;89;100
138;90;100
138;412;100
138;414;100
139;89;50
139;90;100
139;415;100
139;417;100
140;89;10
140;90;70
140;418;70
140;420;10
141;89;70
141;90;10
141;421;50
141;423;70
142;89;10
142;90;10
142;424;70
142;426;70
143;91;70
143;92;70
143;93;50
143;427;10
143;429;70
144;92;50
144;93;50
144;430;100
144;432;10
145;92;100
145;93;100
145;433;100
145;435;100
146;92;50
146;93;100
146;436;100
146;438;100
147;92;50
147;93;100
147;439;50
147;441;10
148;94;100
148;95;70
148;96;50
148;442;100
148;444;50
149;95;70
149;96;10
149;445;50
149;447;100
150;95;10
150;96;70
150;448;100
150;450;10
151;95;50
151;96;10
151;451;50
151;453;100
152;95;70
152;96;100
152;454;100
152;456;10
153;97;10
153;98;100
153;99;50
153;457;100
153;459;100
154;98;100
154;99;10
154;460;70
154;462;100
155;98;100
155;99;100
155;463;50
155;465;70
156;98;70
156;99;10
156;466;100
156;468;100
157;98;10
157;99;10
157;469;100
157;471;100
158;98;50
158;99;50
158;472;10
158;474;10
159;100;10
159;101;100
159;102;50
159;475;10
159;477;50
160;101;100
160;102;100
160;478;10
160;480;100
161;101;10
161;102;100
161;481;70
161;483;100
162;101;100
162;102;100
162;484;100
162;486;50
163;101;100
163;102;50
163;487;70
163;489;10
164;101;10
164;102;100
164;490;70
164;492;10
165;103;70
165;104;10
165;105;50
165;493;70
165;495;70
166;104;10
166;105;10
166;496;70
166;498;100
167;104;100
167;105;70
167;499;50
168;104;100
168;105;70
169;104;50
169;105;50
170;104;100
170;105;100
171;106;100
171;107;70
171;108;70
172;107;50
172;108;70
173;107;70
173;108;70
174;107;50
174;108;10
175;107;100
175;108;50
176;107;70
176;108;70
177;109;100
177;110;50
177;111;70
178;110;10
178;111;50
179;110;10
179;111;10
180;110;10
180;111;100
181;110;100
181;111;10
182;110;10
182;111;100
183;112;10
183;113;100
183;114;100
184;113;50
184;114;70
185;113;50
185;114;10
186;113;100
186;114;100
187;113;50
187;114;100
188;113;100
188;114;70
189;115;10
189;116;10
189;117;50
190;116;50
190;117;50
191;116;100
191;117;100
192;116;50
192;117;70
193;116;70
193;117;50
194;116;100
194;117;50
195;118;10
195;119;50
195;120;50
196;119;50
196;120;10
197;119;100
197;120;70
198;119;100
198;120;100
199;119;100
199;120;50
200;119;50
200;120;70
201;121;10
201;122;10
201;123;100
202;122;70
202;123;10
203;122;100
203;123;70
204;122;70
204;123;70
205;122;10
205;123;70
206;122;70
206;123;70
207;124;70
207;125;100
207;126;100
208;125;50
208;126;50
209;125;50
209;126;10
210;125;100
210;126;100
211;125;50
211;126;50
212;125;10
212;126;50
213;127;100
213;128;100
213;129;70
214;128;70
214;129;70
215;128;70
215;129;70
216;128;10
216;129;70
217;128;50
217;129;100
218;128;70
218;129;10
219;130;70
219;131;10
219;132;50
220;131;70
220;132;100
221;131;10
221;132;10
222;131;50
222;132;70
223;131;100
223;132;100
224;131;10
224;132;100
225;133;70
225;134;50
225;135;10
226;134;10
226;135;50
227;134;100
227;135;50
228;134;100
228;135;50
229;134;70
229;135;10
230;134;10
230;135;50
231;136;50
231;137;100
231;138;70
232;137;100
232;138;50
233;137;70
233;138;50
234;137;100
234;138;70
235;137;100
235;138;70
236;137;100
236;138;70
237;139;100
237;140;100
237;141;100
238;140;100
238;141;100
239;140;50
239;141;50
240;140;10
240;141;10
241;140;100
241;141;70
242;140;50
242;141;50
243;142;100
243;143;70
243;144;50
244;143;50
244;144;50
245;143;100
245;144;50
246;143;10
246;144;70
247;143;100
247;144;100
248;143;50
248;144;10
249;145;10
249;146;100
249;147;70
250;146;70
250;147;100
251;146;50
251;147;50
252;146;100
252;147;100
253;146;100
253;147;70
254;146;50
254;147;50
255;148;50
255;149;10
255;150;10
256;149;10
256;150;70
257;149;50
257;150;10
258;149;50
258;150;100
259;149;100
259;150;10
260;149;100
260;150;50
261;151;10
261;152;50
261;153;10
262;152;10
262;153;10
263;152;100
263;153;50
264;152;10
264;153;50
265;152;70
265;153;10
266;152;100
266;153;100
267;154;70
267;155;70
267;156;70
268;155;100
268;156;50
269;155;70
269;156;70
270;155;10
270;156;50
271;155;100
271;156;70
272;155;70
272;156;100
273;157;10
273;158;100
273;159;10
274;158;50
274;159;10
275;158;50
275;159;100
276;158;70
276;159;100
277;158;70
277;159;10
278;158;50
278;159;10
279;160;70
279;161;50
279;162;50
280;161;50
280;162;100
281;161;100
281;162;10
282;161;50
282;162;50
283;161;10
283;162;100
284;161;70
284;162;70
285;163;70
285;164;70
285;165;70
286;164;50
286;165;70
287;164;50
287;165;10
288;164;10
288;165;50
289;164;10
289;165;100
290;164;70
290;165;100
291;166;50
291;167;10
291;168;70
292;167;70
292;168;10
293;167;10
293;168;100
294;167;50
294;168;100
295;167;10
295;168;10
296;167;100
296;168;50
297;169;70
297;170;10
297;171;50
298;170;10
298;171;100
299;170;100
299;171;50
300;170;70
300;171;100
301;170;50
301;171;70
302;170;70
302;171;100
303;172;70
303;173;50
303;174;10
304;173;10
304;174;100
305;173;100
305;174;100
306;173;10
306;174;10
307;173;70
307;174;50
308;173;100
308;174;100
309;175;10
309;176;10
309;177;100
310;176;70
310;177;100
311;176;70
311;177;50
312;176;50
312;177;10
313;176;100
313;177;10
314;176;100
314;177;100
315;178;70
315;179;10
315;180;70
316;179;10
316;180;70
317;179;50
317;180;50
318;179;70
318;180;10
319;179;100
319;180;70
320;179;10
320;180;100
321;181;50
321;182;10
321;183;100
322;182;100
322;183;100
323;182;10
323;183;50
324;182;50
324;183;100
325;182;70
325;183;50
326;182;70
326;183;50
327;184;50
327;185;50
327;186;100
328;185;10
328;186;100
329;185;10
329;186;70
330;185;10
330;186;10
331;185;50
331;186;100
332;185;50
332;186;100
333;187;10
333;188;50
333;189;10
334;188;50
334;189;50
335;188;70
335;189;70
336;188;70
336;189;10
337;188;10
337;189;10
338;188;100
338;189;50
339;190;100
339;191;100
339;192;50
340;191;10
340;192;100
341;191;70
341;192;10
342;191;50
342;192;70
343;191;10
343;192;70
344;191;70
344;192;70
345;193;70
345;194;50
345;195;50
346;194;10
346;195;50
347;194;10
347;195;100
348;194;100
348;195;10
349;194;50
349;195;70
350;194;100
350;195;10
351;196;70
351;197;50
351;198;10
352;197;10
352;198;70
353;197;70
353;198;100
354;197;70
354;198;70
355;197;70
355;198;10
356;197;50
356;198;50
357;199;100
357;200;100
357;201;10
358;200;10
358;201;100
359;200;50
359;201;50
360;200;70
360;201;10
361;200;100
361;201;100
362;200;50
362;201;50
363;202;50
363;203;10
363;204;10
364;203;100
364;204;100
365;203;10
365;204;50
366;203;50
366;204;50
367;203;50
367;204;70
368;203;50
368;204;70
369;205;10
369;206;70
369;207;70
370;206;50
370;207;10
371;206;100
371;207;70
372;206;70
372;207;50
373;206;10
373;207;70
374;206;100
374;207;10
375;208;50
375;209;10
375;210;100
376;209;100
376;210;10
377;209;50
377;210;50
378;209;10
378;210;10
379;209;100
379;210;50
380;209;10
380;210;50
381;211;10
381;212;100
381;213;100
382;212;50
382;213;70
383;212;10
383;213;100
384;212;10
384;213;10
385;212;100
385;213;70
386;212;70
386;213;10
387;214;50
387;215;10
387;216;10
388;215;10
388;216;50
389;215;100
389;216;50
390;215;50
390;216;10
391;215;70
391;216;100
392;215;70
392;216;100
393;217;50
393;218;70
393;219;100
394;218;10
394;219;70
395;218;50
395;219;100
396;218;100
396;219;70
397;218;100
397;219;100
398;218;50
398;219;10
399;220;50
399;221;50
399;222;100
400;221;10
400;222;100
401;221;50
401;222;70
402;221;10
402;222;10
403;221;10
403;222;10
404;221;10
404;222;100
405;223;50
405;224;70
405;225;50
406;224;10
406;225;50
407;224;100
407;225;50
408;224;100
408;225;50
409;224;70
409;225;100
410;224;50
410;225;10
411;226;10
411;227;100
411;228;50
412;227;50
412;228;100
413;227;70
413;228;70
414;227;50
414;228;10
415;227;10
415;228;50
416;227;100
416;228;50
417;229;50
417;230;100
417;231;70
418;230;100
418;231;70
419;230;70
419;231;50
420;230;100
420;231;70
421;230;100
421;231;50
422;230;50
422;231;50
423;232;10
423;233;70
423;234;70
424;233;50
424;234;70
425;233;10
425;234;70
426;233;10
426;234;10
427;233;10
427;234;50
428;233;100
428;234;100
429;235;10
429;236;70
429;237;100
430;236;100
430;237;10
431;236;100
431;237;70
432;236;100
432;237;70
433;236;10
433;237;100
434;236;100
434;237;70
435;238;70
435;239;100
435;240;70
436;239;10
436;240;100
437;239;70
437;240;10
438;239;70
438;240;50
439;239;50
439;240;10
440;239;10
440;240;10
441;241;70
441;242;100
441;243;50
442;242;100
442;243;70
443;242;70
443;243;100
444;242;100
444;243;100
445;242;100
445;243;100
446;242;10
446;243;70
447;244;70
447;245;70
447;246;10
448;245;70
448;246;50
449;245;50
449;246;50
450;245;10
450;246;100
451;245;50
451;246;10
452;245;10
452;246;10
453;247;100
453;248;100
453;249;70
454;248;50
454;249;50
455;248;10
455;249;100
456;248;50
456;249;70
457;248;100
457;249;50
458;248;100
458;249;70
459;250;50
459;251;50
459;252;10
460;251;10
460;252;10
461;251;70
461;252;10
462;251;70
462;252;50
463;251;100
463;252;50
464;251;100
464;252;100
465;253;50
465;254;70
465;255;100
466;254;100
466;255;50
467;254;70
467;255;50
468;254;70
468;255;70
469;254;50
469;255;100
470;254;10
470;255;100
471;256;100
471;257;10
471;258;50
472;257;100
472;258;70
473;257;50
473;258;50
474;257;70
474;258;70
475;257;70
475;258;50
476;257;100
476;258;100
477;259;100
477;260;70
477;261;50
478;260;70
478;261;70
479;260;50
479;261;50
480;260;100
480;261;50
481;260;50
481;261;100
482;260;100
482;261;10
483;262;50
483;263;50
483;264;70
484;263;10
484;264;70
485;263;70
485;264;50
486;263;50
486;264;100
487;263;70
487;264;10
488;263;70
488;264;70
489;265;100
489;266;10
489;267;10
490;266;50
490;267;70
491;266;10
491;267;50
492;266;10
492;267;10
493;266;100
493;267;70
494;266;100
494;267;100
495;268;10
495;269;100
495;270;10
496;269;50
496;270;100
497;269;50
497;270;70
498;269;70
498;270;100
499;269;50
499;270;100
500;269;50
500;270;10
501;271;50
501;272;10
501;273;10
502;272;10
502;273;70
503;272;10
503;273;100
504;272;50
504;273;70
505;272;50
505;273;100
506;272;100
506;273;10
507;274;100
507;275;10
507;276;100
508;275;50
508;276;100
509;275;10
509;276;10
510;275;70
510;276;100
511;275;10
511;276;10
512;275;10
512;276;50
513;277;10
513;278;70
513;279;10
514;278;70
514;279;10
515;278;70
515;279;50
516;278;50
516;279;10
517;278;10
517;279;50
518;278;50
518;279;10
519;280;100
519;281;50
519;282;70
520;281;70
520;282;70
521;281;10
521;282;70
522;281;50
522;282;10
523;281;10
523;282;50
524;281;100
524;282;50
525;283;100
525;284;10
525;285;50
526;284;50
526;285;50
527;284;70
527;285;10
528;284;70
528;285;50
529;284;70
529;285;70
530;284;70
530;285;100
531;286;70
531;287;10
531;288;70
532;287;70
532;288;50
533;287;10
533;288;70
534;287;50
534;288;50
535;287;50
535;288;100
536;287;70
536;288;50
537;289;70
537;290;50
537;291;70
538;290;70
538;291;50
539;290;70
539;291;10
540;290;10
540;291;100
541;290;10
541;291;50
542;290;100
542;291;10
543;292;10
543;293;50
543;294;10
544;293;50
544;294;50
545;293;10
545;294;50
546;293;100
546;294;10
547;293;100
547;294;10
548;293;70
548;294;100
549;295;50
549;296;50
549;297;70
550;296;70
550;297;10
551;296;100
551;297;100
552;296;10
552;297;10
553;296;50
553;297;70
554;296;10
554;297;70
555;298;70
555;299;70
555;300;10
556;299;50
556;300;100
557;299;100
557;300;70
558;299;10
558;300;50
559;299;100
559;300;100
560;299;10
560;300;50
561;301;50
561;302;10
561;303;70
562;302;10
562;303;50
563;302;100
563;303;10
564;302;50
564;303;100
565;302;100
565;303;50
566;302;50
566;303;70
567;304;10
567;305;50
567;306;70
568;305;70
568;306;10
569;305;10
569;306;10
570;305;10
570;306;50
571;305;50
571;306;100
572;305;100
572;306;50
573;307;50
573;308;50
573;309;50
574;308;10
574;309;50
575;308;100
575;309;70
576;308;10
576;309;10
577;308;70
577;309;10
578;308;50
578;309;50
579;310;100
579;311;100
579;312;100
580;311;100
580;312;50
581;311;50
581;312;100
582;311;50
582;312;10
583;311;10
583;312;70
584;311;70
584;312;50
585;313;100
585;314;100
585;315;100
586;314;100
586;315;50
587;314;100
587;315;70
588;314;100
588;315;10
589;314;100
589;315;100
590;314;50
590;315;10
591;316;10
591;317;10
591;318;70
592;317;100
592;318;100
593;317;50
593;318;100
594;317;50
594;318;10
595;317;70
595;318;100
596;317;50
596;318;50
597;319;50
597;320;10
597;321;100
598;320;70
598;321;10
599;320;10
599;321;10
600;320;10
600;321;50
601;320;70
601;321;50
602;320;100
602;321;50
603;322;10
603;323;100
603;324;70
604;323;10
604;324;100
605;323;10
605;324;100
606;323;50
606;324;50
607;323;10
607;324;70
608;323;70
608;324;50
609;325;50
609;326;100
609;327;100
610;326;10
610;327;100
611;326;100
611;327;50
612;326;70
612;327;70
613;326;100
613;327;50
614;326;50
614;327;70
615;328;100
615;329;50
615;330;50
616;329;50
616;330;50
617;329;100
617;330;70
618;329;50
618;330;70
619;329;10
619;330;10
620;329;100
620;330;100
621;331;70
621;332;70
621;333;50
622;332;70
622;333;10
623;332;70
623;333;10
624;332;50
624;333;70
625;332;100
625;333;100
626;332;70
626;333;10
627;334;100
627;335;50
627;336;100
628;335;10
628;336;50
629;335;50
629;336;100
630;335;50
630;336;100
631;335;70
631;336;100
632;335;100
632;336;10
633;337;50
633;338;10
633;339;70
634;338;70
634;339;70
635;338;50
635;339;50
636;338;100
636;339;100
637;338;70
637;339;100
638;338;70
638;339;70
639;340;70
639;341;70
639;342;10
640;341;70
640;342;10
641;341;100
641;342;100
642;341;50
642;342;10
643;341;10
643;342;70
644;341;10
644;342;50
645;343;100
645;344;10
645;345;70
646;344;70
646;345;100
647;344;100
647;345;70
648;344;100
648;345;100
649;344;100
649;345;10
650;344;70
650;345;70
651;346;70
651;347;100
651;348;10
652;347;70
652;348;10
653;347;70
653;348;10
654;347;70
654;348;10
655;347;70
655;348;100
656;347;70
656;348;50
657;349;100
657;350;70
657;351;50
658;350;70
658;351;100
659;350;70
659;351;70
660;350;70
660;351;100
661;350;70
661;351;100
662;350;10
662;351;100
663;352;70
663;353;100
663;354;50
664;353;100
664;354;10
665;353;100
665;354;70
666;353;100
666;354;50
667;353;100
667;354;10
668;353;50
668;354;10
669;355;10
669;356;70
669;357;50
670;356;70
670;357;10
671;356;100
671;357;50
672;356;50
672;357;100
673;356;100
673;357;50
674;356;100
674;357;10
675;358;100
675;359;70
675;360;50
676;359;70
676;360;70
677;359;50
677;360;100
678;359;70
678;360;100
679;359;50
679;360;10
680;359;10
680;360;50
681;361;100
681;362;10
681;363;100
682;362;50
682;363;70
683;362;10
683;363;50
684;362;10
684;363;100
685;362;10
685;363;70
686;362;10
686;363;100
687;364;70
687;365;10
687;366;50
688;365;70
688;366;50
689;365;50
689;366;100
690;365;50
690;366;10
691;365;70
691;366;70
692;365;10
692;366;50
693;367;70
693;368;70
693;369;70
694;368;70
694;369;10
695;368;70
695;369;10
696;368;100
696;369;10
697;368;70
697;369;100
698;368;50
698;369;70
699;370;70
699;371;10
699;372;10
700;371;50
700;372;10
701;371;100
701;372;10
702;371;50
702;372;70
703;371;10
703;372;10
704;371;100
704;372;100
705;373;100
705;374;50
705;375;50
706;374;50
706;375;10
707;374;10
707;375;10
708;374;10
708;375;50
709;374;10
709;375;10
710;374;50
710;375;10
711;376;50
711;377;70
711;378;50
712;377;70
712;378;70
713;377;100
713;378;50
714;377;50
714;378;10
715;377;10
715;378;50
716;377;70
716;378;70
717;379;100
717;380;10
717;381;10
718;380;50
718;381;70
719;380;100
719;381;100
720;380;50
720;381;100
721;380;10
721;381;10
722;380;70
722;381;50
723;382;100
723;383;70
723;384;50
724;383;70
724;384;100
725;383;10
725;384;70
726;383;70
726;384;100
727;383;10
727;384;50
728;383;50
728;384;70
729;385;100
729;386;100
729;387;100
730;386;100
730;387;10
731;386;70
731;387;10
732;386;100
732;387;10
733;386;10
733;387;50
734;386;100
734;387;10
735;388;10
735;389;50
735;390;70
736;389;50
736;390;100
737;389;10
737;390;100
738;389;100
738;390;70
739;389;10
739;390;70
740;389;50
740;390;70
741;391;50
741;392;10
741;393;50
742;392;100
742;393;50
743;392;70
743;393;70
744;392;100
744;393;100
745;392;70
745;393;70
746;392;10
746;393;70
747;394;10
747;395;50
747;396;70
748;395;100
748;396;70
749;395;100
749;396;10
750;395;10
750;396;70
751;395;50
751;396;10
752;395;70
752;396;50
753;397;10
753;398;10
753;399;100
754;398;50
754;399;100
755;398;10
755;399;100
756;398;10
756;399;50
757;398;70
757;399;50
758;398;70
758;399;100
759;400;100
759;401;10
759;402;10
760;401;70
760;402;70
761;401;10
761;402;50
762;401;100
762;402;100
763;401;10
763;402;70
764;401;70
764;402;50
765;403;70
765;404;50
765;405;100
766;404;10
766;405;10
767;404;10
767;405;50
768;404;100
768;405;50
769;404;10
769;405;10
770;404;100
770;405;10
771;406;100
771;407;10
771;408;100
772;407;50
772;408;10
773;407;70
773;408;50
774;407;50
774;408;70
775;407;100
775;408;50
776;407;70
776;408;100
777;409;10
777;410;100
777;411;100
778;410;50
778;411;10
779;410;70
779;411;70
780;410;10
780;411;70
781;410;70
781;411;50
782;410;50
782;411;50
783;412;10
783;413;50
783;414;70
784;413;70
784;414;10
785;413;50
785;414;50
786;413;50
786;414;100
787;413;10
787;414;100
788;413;70
788;414;50
789;415;70
789;416;100
789;417;50
790;416;70
790;417;70
791;416;10
791;417;70
792;416;70
792;417;10
793;416;100
793;417;50
794;416;10
794;417;50
795;418;50
795;419;50
795;420;100
796;419;100
796;420;70
797;419;100
797;420;70
798;419;10
798;420;70
799;419;70
799;420;10
800;419;50
800;420;100
801;421;50
801;422;10
801;423;10
802;422;70
802;423;100
803;422;100
803;423;50
804;422;70
804;423;10
805;422;10
805;423;70
806;422;70
806;423;50
807;424;100
807;425;100
807;426;10
808;425;70
808;426;50
809;425;100
809;426;70
810;425;10
810;426;10
811;425;10
811;426;10
812;425;50
812;426;10
813;427;10
813;428;100
813;429;100
814;428;100
814;429;100
815;428;10
815;429;100
816;428;70
816;429;70
817;428;70
817;429;50
818;428;100
818;429;10
819;430;100
819;431;100
819;432;100
820;431;70
820;432;100
821;431;70
821;432;70
822;431;100
822;432;70
823;431;50
823;432;100
824;431;10
824;432;10
825;433;10
825;434;70
825;435;10
826;434;10
826;435;70
827;434;70
827;435;100
828;434;70
828;435;70
829;434;50
829;435;70
830;434;100
830;435;50
831;436;10
831;437;100
831;438;50
832;437;10
832;438;70
833;437;10
833;438;50
834;437;100
834;438;50
835;437;70
835;438;70
836;437;10
836;438;70
837;439;50
837;440;10
837;441;100
838;440;100
838;441;50
839;440;100
839;441;10
840;440;70
840;441;10
841;440;10
841;441;100
842;440;50
842;441;50
843;442;50
843;443;50
843;444;50
844;443;10
844;444;100
845;443;100
845;444;70
846;443;100
846;444;100
847;443;10
847;444;10
848;443;50
848;444;50
849;445;50
849;446;100
849;447;100
850;446;10
850;447;70
851;446;10
851;447;100
852;446;50
852;447;50
853;446;100
853;447;10
854;446;10
854;447;70
855;448;70
855;449;100
855;450;50
856;449;10
856;450;50
857;449;100
857;450;70
858;449;50
858;450;10
859;449;50
859;450;100
860;449;70
860;450;10
861;451;50
861;452;50
861;453;10
862;452;10
862;453;100
863;452;100
863;453;70
864;452;100
864;453;100
865;452;70
865;453;70
866;452;50
866;453;10
867;454;70
867;455;50
867;456;10
868;455;50
868;456;70
869;455;70
869;456;70
870;455;50
870;456;70
871;455;50
871;456;10
872;455;50
872;456;10
873;457;50
873;458;10
873;459;50
874;458;70
874;459;10
875;458;100
875;459;70
876;458;100
876;459;70
877;458;70
877;459;70
878;458;50
878;459;70
879;458;70
879;459;10
880;460;70
880;461;10
880;462;70
881;461;50
881;462;100
882;461;70
882;462;70
883;461;100
883;462;100
884;461;10
884;462;10
885;461;70
885;462;70
886;461;50
886;462;50
887;463;50
887;464;10
887;465;100
888;464;10
888;465;10
889;464;50
889;465;50
890;464;70
890;465;70
891;464;100
891;465;100
892;464;10
892;465;10
893;464;10
893;465;50
894;466;70
894;467;10
894;468;100
895;467;70
895;468;10
896;467;10
896;468;50
897;467;100
897;468;50
898;467;100
898;468;10
899;467;70
899;468;70
900;467;70
900;468;100
901;469;50
901;470;100
901;471;50
902;470;50
902;471;10
903;470;10
903;471;100
904;470;70
904;471;70
905;470;50
905;471;100
906;470;70
906;471;50
907;470;10
907;471;100
908;472;100
908;473;100
908;474;50
909;473;70
909;474;50
910;473;70
910;474;10
911;473;50
911;474;10
912;473;70
912;474;100
913;473;10
913;474;10
914;473;100
914;474;100
915;475;50
915;476;100
915;477;10
916;476;70
916;477;50
917;476;100
917;477;70
918;476;50
918;477;50
919;476;70
919;477;50
920;476;100
920;477;70
921;476;70
921;477;50
922;478;100
922;479;10
922;480;70
923;479;10
923;480;100
924;479;100
924;480;50
925;479;100
925;480;70
926;479;50
926;480;100
927;479;10
927;480;50
928;479;100
928;480;50
929;481;10
929;482;70
929;483;10
930;482;100
930;483;10
931;482;70
931;483;100
932;482;50
932;483;10
933;482;100
933;483;50
934;482;10
934;483;10
935;482;10
935;483;100
936;484;10
936;485;10
936;486;100
937;485;100
937;486;100
938;485;100
938;486;50
939;485;50
939;486;50
940;485;50
940;486;100
941;485;50
941;486;10
942;485;50
942;486;10
943;487;100
943;488;70
943;489;10
944;488;50
944;489;70
945;488;10
945;489;100
946;488;10
946;489;70
947;488;10
947;489;50
948;488;10
948;489;50
949;488;50
949;489;50
950;490;10
950;491;100
950;492;10
951;491;10
951;492;10
952;491;70
952;492;100
953;491;10
953;492;50
954;491;50
954;492;10
955;491;10
955;492;50
956;491;70
956;492;70
957;493;100
957;494;70
957;495;100
958;494;100
958;495;70
959;494;10
959;495;100
960;494;100
960;495;100
961;494;50
961;495;50
962;494;100
962;495;50
963;494;10
963;495;70
964;496;70
964;497;50
964;498;10
965;497;10
965;498;10
966;497;70
966;498;10
967;497;50
967;498;100
968;497;100
968;498;50
969;497;70
969;498;10
970;497;100
970;498;10
971;499;100
0;0;10
0;1;20
0;2;30
0;3;40
0;4;50
0;5;60
0;6;70
0;7;80
1;0;10
1;1;10
1;2;10
1;3;10
1;4;10
1;5;10
1;6;10
1;7;10
2;0;10
2;1;20
2;2;30
2;3;40
2;4;50
2;5;60
2;6;70
2;7;80
3;0;10
3;1;20
3;2;30
3;3;40
3;4;50
3;5;60
3;6;70
3;7;80
4;0;10
4;1;10
4;2;10
4;3;10
4;4;10
4;5;10
4;6;10
4;7;10
5;0;80
5;1;70
5;2;60
5;3;50
5;4;40
5;5;30
5;6;20
5;7;10
6;0;10
6;1;10
6;2;10
6;3;10
6;4;10
6;5;10
6;6;10
6;7;10
7;0;80
7;1;70
7;2;60
7;3;50
7;4;40
7;5;30
7;6;20
7;7;10
8;0;80
8;1;70
8;2;60
8;3;50
8;4;40
8;5;30
8;6;20
8;7;10
9;0;10
9;1;10
9;2;10
9;3;10
9;4;10
9;5;10
9;6;10
9;7;10
10;0;80
10;1;70
10;2;60
10;3;50
10;4;40
10;5;30
10;6;20
10;7;10
11;0;80
11;1;70
11;2;60
11;3;50
11;4;40
11;5;30
11;6;20
11;7;10
12;0;10
12;1;20
12;2;30
12;3;40
12;4;50
12;5;60
12;6;70
12;7;80
13;0;80
13;1;70
13;2;60
13;3;50
13;4;40
13;5;30
13;6;20
13;7;10
14;0;10
14;1;10
14;2;10
14;3;10
14;4;10
14;5;10
14;6;10
14;7;10
15;0;10
15;1;10
15;2;10
15;3;10
15;4;10
15;5;10
15;6;10
15;7;10
16;0;10
16;1;10
16;2;10
16;3;10
16;4;10
16;5;10
16;6;10
16;7;10
17;0;10
17;1;20
17;2;30
17;3;40
17;4;50
17;5;60
17;6;70
17;7;80
18;0;80
18;1;70
18;2;60
18;3;50
18;4;40
18;5;30
18;6;20
18;7;10
19;0;10
19;1;20
19;2;30
19;3;40
19;4;50
19;5;60
19;6;70
19;7;80
20;0;10
20;1;10
20;2;10
20;3;10
20;4;10
20;5;10
20;6;10
20;7;10
21;0;10
21;1;20
21;2;30
21;3;40
21;4;50
21;5;60
21;6;70
21;7;80
22;0;80
22;1;70
22;2;60
22;3;50
22;4;40
22;5;30
22;6;20
22;7;10
23;0;10
23;1;20
23;2;30
23;3;40
23;4;50
23;5;60
23;6;70
23;7;80
24;0;10
24;1;20
24;2;30
24;3;40
24;4;50
24;5;60
24;6;70
24;7;80
25;0;10
25;1;20
25;2;30
25;3;40
25;4;50
25;5;60
25;6;70
25;7;80
26;0;10
26;1;10
26;2;10
26;3;10
26;4;10
26;5;10
26;6;10
26;7;10
27;0;10
27;1;20
27;2;30
27;3;40
27;4;50
27;5;60
27;6;70
27;7;80
28;0;80
28;1;70
28;2;60
28;3;50
28;4;40
28;5;30
28;6;20
28;7;10
29;0;80
29;1;70
29;2;60
29;3;50
29;4;40
29;5;30
29;6;20
29;7;10
30;0;10
30;1;10
30;2;10
30;3;10
30;4;10
30;5;10
30;6;10
30;7;10
31;0;80
31;1;70
31;2;60
31;3;50
31;4;40
31;5;30
31;6;20
31;7;10
32;0;10
32;1;10
32;2;10
32;3;10
32;4;10
32;5;10
32;6;10
32;7;10
33;0;10
33;1;20
33;2;30
33;3;40
33;4;50
33;5;60
33;6;70
33;7;80
34;0;80
34;1;70
34;2;60
34;3;50
34;4;40
34;5;30
34;6;20
34;7;10
35;0;10
35;1;10
35;2;10
35;3;10
35;4;10
35;5;10
35;6;10
35;7;10
36;0;10
36;1;20
36;2;30
36;3;40
36;4;50
36;5;60
36;6;70
36;7;80
37;0;80
37;1;70
37;2;60
37;3;50
37;4;40
37;5;30
37;6;20
37;7;10
38;0;80
38;1;70
38;2;60
38;3;50
38;4;40
38;5;30
38;6;20
38;7;10
39;0;10
39;1;10
39;2;10
39;3;10
39;4;10
39;5;10
39;6;10
39;7;10
40;0;10
40;1;10
40;2;10
40;3;10
40;4;10
40;5;10
40;6;10
40;7;10
41;0;10
41;1;10
41;2;10
41;3;10
41;4;10
41;5;10
41;6;10
41;7;10
42;0;80
42;1;70
42;2;60
42;3;50
42;4;40
42;5;30
42;6;20
42;7;10
43;0;80
43;1;70
43;2;60
43;3;50
43;4;40
43;5;30
43;6;20
43;7;10
44;0;10
44;1;10
44;2;10
44;3;10
44;4;10
44;5;10
44;6;10
44;7;10
45;0;80
45;1;70
45;2;60
45;3;50
45;4;40
45;5;30
45;6;20
45;7;10
46;0;80
46;1;70
46;2;60
46;3;50
46;4;40
46;5;30
46;6;20
46;7;10
47;0;10
47;1;10
47;2;10
47;3;10
47;4;10
47;5;10
47;6;10
47;7;10
48;0;80
48;1;70
48;2;60
48;3;50
48;4;40
48;5;30
48;6;20
48;7;10
49;0;80
49;1;70
49;2;60
49;3;50
49;4;40
49;5;30
49;6;20
49;7;10
50;0;80
50;1;70
50;2;60
50;3;50
50;4;40
50;5;30
50;6;20
50;7;10
51;0;10
51;1;20
51;2;30
51;3;40
51;4;50
51;5;60
51;6;70
51;7;80
52;0;10
52;1;20
52;2;30
52;3;40
52;4;50
52;5;60
52;6;70
52;7;80
53;0;10
53;1;10
53;2;10
53;3;10
53;4;10
53;5;10
53;6;10
53;7;10
54;0;80
54;1;70
54;2;60
54;3;50
54;4;40
54;5;30
54;6;20
54;7;10
55;0;80
55;1;70
55;2;60
55;3;50
55;4;40
55;5;30
55;6;20
55;7;10
56;0;10
56;1;20
56;2;30
56;3;40
56;4;50
56;5;60
56;6;70
56;7;80
57;0;10
57;1;10
57;2;10
57;3;10
57;4;10
57;5;10
57;6;10
57;7;10
58;0;10
58;1;20
58;2;30
58;3;40
58;4;50
58;5;60
58;6;70
58;7;80
59;0;10
59;1;20
59;2;30
59;3;40
59;4;50
59;5;60
59;6;70
59;7;80
60;0;80
60;1;70
60;2;60
60;3;50
60;4;40
60;5;30
60;6;20
60;7;10
61;0;10
61;1;10
61;2;10
61;3;10
61;4;10
61;5;10
61;6;10
61;7;10
62;0;10
62;1;20
62;2;30
62;3;40
62;4;50
62;5;60
62;6;70
62;7;80
63;0;80
63;1;70
63;2;60
63;3;50
63;4;40
63;5;30
63;6;20
63;7;10
64;0;10
64;1;20
64;2;30
64;3;40
64;4;50
64;5;60
64;6;70
64;7;80
65;0;80
65;1;70
65;2;60
65;3;50
65;4;40
65;5;30
65;6;20
65;7;10
66;0;80
66;1;70
66;2;60
66;3;50
66;4;40
66;5;30
66;6;20
66;7;10
67;0;10
67;1;20
67;2;30
67;3;40
67;4;50
67;5;60
67;6;70
67;7;80
68;0;10
68;1;20
68;2;30
68;3;40
68;4;50
68;5;60
68;6;70
68;7;80
69;0;10
69;1;10
69;2;10
69;3;10
69;4;10
69;5;10
69;6;10
69;7;10
70;0;10
70;1;10
70;2;10
70;3;10
70;4;10
70;5;10
70;6;10
70;7;10
71;0;10
71;1;20
71;2;30
71;3;40
71;4;50
71;5;60
71;6;70
71;7;80
72;0;10
72;1;10
72;2;10
72;3;10
72;4;10
72;5;10
72;6;10
72;7;10
73;0;10
73;1;10
73;2;10
73;3;10
73;4;10
73;5;10
73;6;10
73;7;10
74;0;10
74;1;10
74;2;10
74;3;10
74;4;10
74;5;10
74;6;10
74;7;10
75;0;80
75;1;70
75;2;60
75;3;50
75;4;40
75;5;30
75;6;20
75;7;10
76;0;10
76;1;20
76;2;30
76;3;40
76;4;50
76;5;60
76;6;70
76;7;80
77;0;80
77;1;70
77;2;60
77;3;50
77;4;40
77;5;30
77;6;20
77;7;10
78;0;10
78;1;10
78;2;10
78;3;10
78;4;10
78;5;10
78;6;10
78;7;10
79;0;10
79;1;20
79;2;30
79;3;40
79;4;50
79;5;60
79;6;70
79;7;80
80;0;80
80;1;70
80;2;60
80;3;50
80;4;40
80;5;30
80;6;20
80;7;10
81;0;80
81;1;70
81;2;60
81;3;50
81;4;40
81;5;30
81;6;20
81;7;10
82;0;10
82;1;20
82;2;30
82;3;40
82;4;50
82;5;60
82;6;70
82;7;80
83;0;10
83;1;20
83;2;30
83;3;40
83;4;50
83;5;60
83;6;70
83;7;80
84;0;10
84;1;10
84;2;10
84;3;10
84;4;10
84;5;10
84;6;10
84;7;10
85;0;10
85;1;10
85;2;10
85;3;10
85;4;10
85;5;10
85;6;10
85;7;10
86;0;10
86;1;20
86;2;30
86;3;40
86;4;50
86;5;60
86;6;70
86;7;80
87;0;10
87;1;10
87;2;10
87;3;10
87;4;10
87;5;10
87;6;10
87;7;10
88;0;10
88;1;20
88;2;30
88;3;40
88;4;50
88;5;60
88;6;70
88;7;80
89;0;80
89;1;70
89;2;60
89;3;50
89;4;40
89;5;30
89;6;20
89;7;10
90;0;10
90;1;20
90;2;30
90;3;40
90;4;50
90;5;60
90;6;70
90;7;80
91;0;10
91;1;20
91;2;30
91;3;40
91;4;50
91;5;60
91;6;70
91;7;80
92;0;10
92;1;20
92;2;30
92;3;40
92;4;50
92;5;60
92;6;70
92;7;80
93;0;10
93;1;10
93;2;10
93;3;10
93;4;10
93;5;10
93;6;10
93;7;10
94;0;80
94;1;70
94;2;60
94;3;50
94;4;40
94;5;30
94;6;20
94;7;10
95;0;10
95;1;10
95;2;10
95;3;10
95;4;10
95;5;10
95;6;10
95;7;10
96;0;10
96;1;10
96;2;10
96;3;10
96;4;10
96;5;10
96;6;10
96;7;10
97;0;80
97;1;70
97;2;60
97;3;50
97;4;40
97;5;30
97;6;20
97;7;10
98;0;10
98;1;10
98;2;10
98;3;10
98;4;10
98;5;10
98;6;10
98;7;10
99;0;80
99;1;70
99;2;60
99;3;50
99;4;40
99;5;30
99;6;20
99;7;10
100;0;80
100;1;70
100;2;60
100;3;50
100;4;40
100;5;30
100;6;20
100;7;10
101;0;10
101;1;10
101;2;10
101;3;10
101;4;10
101;5;10
101;6;10
101;7;10
102;0;10
102;1;10
102;2;10
102;3;10
102;4;10
102;5;10
102;6;10
102;7;10
103;0;10
103;1;10
103;2;10
103;3;10
103;4;10
103;5;10
103;6;10
103;7;10
104;0;80
104;1;70
104;2;60
104;3;50
104;4;40
104;5;30
104;6;20
104;7;10
105;0;10
105;1;10
105;2;10
105;3;10
105;4;10
105;5;10
105;6;10
105;7;10
106;0;80
106;1;70
106;2;60
106;3;50
106;4;40
106;5;30
106;6;20
106;7;10
107;0;10
107;1;10
107;2;10
107;3;10
107;4;10
107;5;10
107;6;10
107;7;10
108;0;10
108;1;10
108;2;10
108;3;10
108;4;10
108;5;10
108;6;10
108;7;10
109;0;10
109;1;20
109;2;30
109;3;40
109;4;50
109;5;60
109;6;70
109;7;80
110;0;80
110;1;70
110;2;60
110;3;50
110;4;40
110;5;30
110;6;20
110;7;10
111;0;10
111;1;10
111;2;10
111;3;10
111;4;10
111;5;10
111;6;10
111;7;10
112;0;10
112;1;10
112;2;10
112;3;10
112;4;10
112;5;10
112;6;10
112;7;10
113;0;80
113;1;70
113;2;60
113;3;50
113;4;40
113;5;30
113;6;20
113;7;10
114;0;10
114;1;20
114;2;30
114;3;40
114;4;50
114;5;60
114;6;70
114;7;80
115;0;10
115;1;20
115;2;30
115;3;40
115;4;50
115;5;60
115;6;70
115;7;80
116;0;10
116;1;10
116;2;10
116;3;10
116;4;10
116;5;10
116;6;10
116;7;10
117;0;10
117;1;20
117;2;30
117;3;40
117;4;50
117;5;60
117;6;70
117;7;80
118;0;10
118;1;10
118;2;10
118;3;10
118;4;10
118;5;10
118;6;10
118;7;10
119;0;10
119;1;20
119;2;30
119;3;40
119;4;50
119;5;60
119;6;70
119;7;80
120;0;80
120;1;70
120;2;60
120;3;50
120;4;40
120;5;30
120;6;20
120;7;10
121;0;80
121;1;70
121;2;60
121;3;50
121;4;40
121;5;30
121;6;20
121;7;10
122;0;80
122;1;70
122;2;60
122;3;50
122;4;40
122;5;30
122;6;20
122;7;10
123;0;80
123;1;70
123;2;60
123;3;50
123;4;40
123;5;30
123;6;20
123;7;10
124;0;80
124;1;70
124;2;60
124;3;50
124;4;40
124;5;30
124;6;20
124;7;10
125;0;80
125;1;70
125;2;60
125;3;50
125;4;40
125;5;30
125;6;20
125;7;10
126;0;80
126;1;70
126;2;60
126;3;50
126;4;40
126;5;30
126;6;20
126;7;10
127;0;80
127;1;70
127;2;60
127;3;50
127;4;40
127;5;30
127;6;20
127;7;10
128;0;10
128;1;10
128;2;10
128;3;10
128;4;10
128;5;10
128;6;10
128;7;10
129;0;10
129;1;20
129;2;30
129;3;40
129;4;50
129;5;60
129;6;70
129;7;80
130;0;10
130;1;20
130;2;30
130;3;40
130;4;50
130;5;60
130;6;70
130;7;80
131;0;10
131;1;10
131;2;10
131;3;10
131;4;10
131;5;10
131;6;10
131;7;10
132;0;10
132;1;10
132;2;10
132;3;10
132;4;10
132;5;10
132;6;10
132;7;10
133;0;80
133;1;70
133;2;60
133;3;50
133;4;40
133;5;30
133;6;20
133;7;10
134;0;10
134;1;10
134;2;10
134;3;10
134;4;10
134;5;10
134;6;10
134;7;10
135;0;80
135;1;70
135;2;60
135;3;50
135;4;40
135;5;30
135;6;20
135;7;10
136;0;80
136;1;70
136;2;60
136;3;50
136;4;40
136;5;30
136;6;20
136;7;10
137;0;80
137;1;70
137;2;60
137;3;50
137;4;40
137;5;30
137;6;20
137;7;10
138;0;10
138;1;20
138;2;30
138;3;40
138;4;50
138;5;60
138;6;70
138;7;80
139;0;10
139;1;10
139;2;10
139;3;10
139;4;10
139;5;10
139;6;10
139;7;10
140;0;10
140;1;20
140;2;30
140;3;40
140;4;50
140;5;60
140;6;70
140;7;80
141;0;10
141;1;20
141;2;30
141;3;40
141;4;50
141;5;60
141;6;70
141;7;80
142;0;10
142;1;10
142;2;10
142;3;10
142;4;10
142;5;10
142;6;10
142;7;10
143;0;10
143;1;10
143;2;10
143;3;10
143;4;10
143;5;10
143;6;10
143;7;10
144;0;10
144;1;10
144;2;10
144;3;10
144;4;10
144;5;10
144;6;10
144;7;10
145;0;10
145;1;20
145;2;30
145;3;40
145;4;50
145;5;60
145;6;70
145;7;80
146;0;10
146;1;10
146;2;10
146;3;10
146;4;10
146;5;10
146;6;10
146;7;10
147;0;80
147;1;70
147;2;60
147;3;50
147;4;40
147;5;30
147;6;20
147;7;10
148;0;80
148;1;70
148;2;60
148;3;50
148;4;40
148;5;30
148;6;20
148;7;10
149;0;80
149;1;70
149;2;60
149;3;50
149;4;40
149;5;30
149;6;20
149;7;10
150;0;80
150;1;70
150;2;60
150;3;50
150;4;40
150;5;30
150;6;20
150;7;10
151;0;10
151;1;20
151;2;30
151;3;40
151;4;50
151;5;60
151;6;70
151;7;80
152;0;10
152;1;20
152;2;30
152;3;40
152;4;50
152;5;60
152;6;70
152;7;80
153;0;10
153;1;20
153;2;30
153;3;40
153;4;50
153;5;60
153;6;70
153;7;80
154;0;10
154;1;10
154;2;10
154;3;10
154;4;10
154;5;10
154;6;10
154;7;10
155;0;10
155;1;20
155;2;30
155;3;40
155;4;50
155;5;60
155;6;70
155;7;80
156;0;80
156;1;70
156;2;60
156;3;50
156;4;40
156;5;30
156;6;20
156;7;10
157;0;80
157;1;70
157;2;60
157;3;50
157;4;40
157;5;30
157;6;20
157;7;10
158;0;80
158;1;70
158;2;60
158;3;50
158;4;40
158;5;30
158;6;20
158;7;10
159;0;80
159;1;70
159;2;60
159;3;50
159;4;40
159;5;30
159;6;20
159;7;10
160;0;80
160;1;70
160;2;60
160;3;50
160;4;40
160;5;30
160;6;20
160;7;10
161;0;10
161;1;10
161;2;10
161;3;10
161;4;10
161;5;10
161;6;10
161;7;10
162;0;80
162;1;70
162;2;60
162;3;50
162;4;40
162;5;30
162;6;20
162;7;10
163;0;10
163;1;10
163;2;10
163;3;10
163;4;10
163;5;10
163;6;10
163;7;10
164;0;80
164;1;70
164;2;60
164;3;50
164;4;40
164;5;30
164;6;20
164;7;10
165;0;10
165;1;10
165;2;10
165;3;10
165;4;10
165;5;10
165;6;10
165;7;10
166;0;10
166;1;20
166;2;30
166;3;40
166;4;50
166;5;60
166;6;70
166;7;80
167;0;10
167;1;20
167;2;30
167;3;40
167;4;50
167;5;60
167;6;70
167;7;80
168;0;80
168;1;70
168;2;60
168;3;50
168;4;40
168;5;30
168;6;20
168;7;10
169;0;80
169;1;70
169;2;60
169;3;50
169;4;40
169;5;30
169;6;20
169;7;10
170;0;10
170;1;10
170;2;10
170;3;10
170;4;10
170;5;10
170;6;10
170;7;10
171;0;10
171;1;20
171;2;30
171;3;40
171;4;50
171;5;60
171;6;70
171;7;80
172;0;10
172;1;10
172;2;10
172;3;10
172;4;10
172;5;10
172;6;10
172;7;10
173;0;10
173;1;20
173;2;30
173;3;40
173;4;50
173;5;60
173;6;70
173;7;80
174;0;80
174;1;70
174;2;60
174;3;50
174;4;40
174;5;30
174;6;20
174;7;10
175;0;10
175;1;20
175;2;30
175;3;40
175;4;50
175;5;60
175;6;70
175;7;80
176;0;10
176;1;20
176;2;30
176;3;40
176;4;50
176;5;60
176;6;70
176;7;80
177;0;10
177;1;20
177;2;30
177;3;40
177;4;50
177;5;60
177;6;70
177;7;80
178;0;10
178;1;20
178;2;30
178;3;40
178;4;50
178;5;60
178;6;70
178;7;80
179;0;10
179;1;20
179;2;30
179;3;40
179;4;50
179;5;60
179;6;70
179;7;80
180;0;10
180;1;20
180;2;30
180;3;40
180;4;50
180;5;60
180;6;70
180;7;80
181;0;10
181;1;10
181;2;10
181;3;10
181;4;10
181;5;10
181;6;10
181;7;10
182;0;10
182;1;20
182;2;30
182;3;40
182;4;50
182;5;60
182;6;70
182;7;80
183;0;10
183;1;10
183;2;10
183;3;10
183;4;10
183;5;10
183;6;10
183;7;10
184;0;10
184;1;10
184;2;10
184;3;10
184;4;10
184;5;10
184;6;10
184;7;10
185;0;80
185;1;70
185;2;60
185;3;50
185;4;40
185;5;30
185;6;20
185;7;10
186;0;10
186;1;10
186;2;10
186;3;10
186;4;10
186;5;10
186;6;10
186;7;10
187;0;10
187;1;10
187;2;10
187;3;10
187;4;10
187;5;10
187;6;10
187;7;10
188;0;80
188;1;70
188;2;60
188;3;50
188;4;40
188;5;30
188;6;20
188;7;10
189;0;10
189;1;20
189;2;30
189;3;40
189;4;50
189;5;60
189;6;70
189;7;80
190;0;80
190;1;70
190;2;60
190;3;50
190;4;40
190;5;30
190;6;20
190;7;10
191;0;10
191;1;10
191;2;10
191;3;10
191;4;10
191;5;10
191;6;10
191;7;10
192;0;10
192;1;10
192;2;10
192;3;10
192;4;10
192;5;10
192;6;10
192;7;10
193;0;10
193;1;10
193;2;10
193;3;10
193;4;10
193;5;10
193;6;10
193;7;10
194;0;80
194;1;70
194;2;60
194;3;50
194;4;40
194;5;30
194;6;20
194;7;10
195;0;80
195;1;70
195;2;60
195;3;50
195;4;40
195;5;30
195;6;20
195;7;10
196;0;10
196;1;10
196;2;10
196;3;10
196;4;10
196;5;10
196;6;10
196;7;10
197;0;10
197;1;10
197;2;10
197;3;10
197;4;10
197;5;10
197;6;10
197;7;10
198;0;80
198;1;70
198;2;60
198;3;50
198;4;40
198;5;30
198;6;20
198;7;10
199;0;80
199;1;70
199;2;60
199;3;50
199;4;40
199;5;30
199;6;20
199;7;10
200;0;80
200;1;70
200;2;60
200;3;50
200;4;40
200;5;30
200;6;20
200;7;10
201;0;10
201;1;10
201;2;10
201;3;10
201;4;10
201;5;10
201;6;10
201;7;10
202;0;10
202;1;20
202;2;30
202;3;40
202;4;50
202;5;60
202;6;70
202;7;80
203;0;10
203;1;10
203;2;10
203;3;10
203;4;10
203;5;10
203;6;10
203;7;10
204;0;10
204;1;10
204;2;10
204;3;10
204;4;10
204;5;10
204;6;10
204;7;10
205;0;10
205;1;10
205;2;10
205;3;10
205;4;10
205;5;10
205;6;10
205;7;10
206;0;80
206;1;70
206;2;60
206;3;50
206;4;40
206;5;30
206;6;20
206;7;10
207;0;10
207;1;20
207;2;30
207;3;40
207;4;50
207;5;60
207;6;70
207;7;80
208;0;10
208;1;20
208;2;30
208;3;40
208;4;50
208;5;60
208;6;70
208;7;80
209;0;10
209;1;10
209;2;10
209;3;10
209;4;10
209;5;10
209;6;10
209;7;10
210;0;80
210;1;70
210;2;60
210;3;50
210;4;40
210;5;30
210;6;20
210;7;10
211;0;80
211;1;70
211;2;60
211;3;50
211;4;40
211;5;30
211;6;20
211;7;10
212;0;10
212;1;10
212;2;10
212;3;10
212;4;10
212;5;10
212;6;10
212;7;10
213;0;10
213;1;20
213;2;30
213;3;40
213;4;50
213;5;60
213;6;70
213;7;80
214;0;10
214;1;20
214;2;30
214;3;40
214;4;50
214;5;60
214;6;70
214;7;80
215;0;80
215;1;70
215;2;60
215;3;50
215;4;40
215;5;30
215;6;20
215;7;10
216;0;80
216;1;70
216;2;60
216;3;50
216;4;40
216;5;30
216;6;20
216;7;10
217;0;80
217;1;70
217;2;60
217;3;50
217;4;40
217;5;30
217;6;20
217;7;10
218;0;80
218;1;70
218;2;60
218;3;50
218;4;40
218;5;30
218;6;20
218;7;10
219;0;10
219;1;20
219;2;30
219;3;40
219;4;50
219;5;60
219;6;70
219;7;80
220;0;10
220;1;20
220;2;30
220;3;40
220;4;50
220;5;60
220;6;70
220;7;80
221;0;10
221;1;20
221;2;30
221;3;40
221;4;50
221;5;60
221;6;70
221;7;80
222;0;80
222;1;70
222;2;60
222;3;50
222;4;40
222;5;30
222;6;20
222;7;10
223;0;80
223;1;70
223;2;60
223;3;50
223;4;40
223;5;30
223;6;20
223;7;10
224;0;10
224;1;20
224;2;30
224;3;40
224;4;50
224;5;60
224;6;70
224;7;80
225;0;10
225;1;20
225;2;30
225;3;40
225;4;50
225;5;60
225;6;70
225;7;80
226;0;10
226;1;20
226;2;30
226;3;40
226;4;50
226;5;60
226;6;70
226;7;80
227;0;80
227;1;70
227;2;60
227;3;50
227;4;40
227;5;30
227;6;20
227;7;10
228;0;10
228;1;20
228;2;30
228;3;40
228;4;50
228;5;60
228;6;70
228;7;80
229;0;10
229;1;20
229;2;30
229;3;40
229;4;50
229;5;60
229;6;70
229;7;80
230;0;10
230;1;10
230;2;10
230;3;10
230;4;10
230;5;10
230;6;10
230;7;10
231;0;10
231;1;20
231;2;30
231;3;40
231;4;50
231;5;60
231;6;70
231;7;80
232;0;10
232;1;10
232;2;10
232;3;10
232;4;10
232;5;10
232;6;10
232;7;10
233;0;10
233;1;20
233;2;30
233;3;40
233;4;50
233;5;60
233;6;70
233;7;80
234;0;10
234;1;10
234;2;10
234;3;10
234;4;10
234;5;10
234;6;10
234;7;10
235;0;10
235;1;10
235;2;10
235;3;10
235;4;10
235;5;10
235;6;10
235;7;10
236;0;10
236;1;20
236;2;30
236;3;40
236;4;50
236;5;60
236;6;70
236;7;80
237;0;10
237;1;20
237;2;30
237;3;40
237;4;50
237;5;60
237;6;70
237;7;80
238;0;80
238;1;70
238;2;60
238;3;50
238;4;40
238;5;30
238;6;20
238;7;10
239;0;10
239;1;20
239;2;30
239;3;40
239;4;50
239;5;60
239;6;70
239;7;80
240;0;10
240;1;10
240;2;10
240;3;10
240;4;10
240;5;10
240;6;10
240;7;10
241;0;10
241;1;20
241;2;30
241;3;40
241;4;50
241;5;60
241;6;70
241;7;80
242;0;80
242;1;70
242;2;60
242;3;50
242;4;40
242;5;30
242;6;20
242;7;10
243;0;80
243;1;70
243;2;60
243;3;50
243;4;40
243;5;30
243;6;20
243;7;10
244;0;10
244;1;20
244;2;30
244;3;40
244;4;50
244;5;60
244;6;70
244;7;80
245;0;80
245;1;70
245;2;60
245;3;50
245;4;40
245;5;30
245;6;20
245;7;10
246;0;80
246;1;70
246;2;60
246;3;50
246;4;40
246;5;30
246;6;20
246;7;10
247;0;10
247;1;10
247;2;10
247;3;10
247;4;10
247;5;10
247;6;10
247;7;10
248;0;10
248;1;10
248;2;10
248;3;10
248;4;10
248;5;10
248;6;10
248;7;10
249;0;10
249;1;10
249;2;10
249;3;10
249;4;10
249;5;10
249;6;10
249;7;10
250;0;10
250;1;20
250;2;30
250;3;40
250;4;50
250;5;60
250;6;70
250;7;80
251;0;10
251;1;10
251;2;10
251;3;10
251;4;10
251;5;10
251;6;10
251;7;10
252;0;80
252;1;70
252;2;60
252;3;50
252;4;40
252;5;30
252;6;20
252;7;10
253;0;10
253;1;20
253;2;30
253;3;40
253;4;50
253;5;60
253;6;70
253;7;80
254;0;80
254;1;70
254;2;60
254;3;50
254;4;40
254;5;30
254;6;20
254;7;10
255;0;10
255;1;10
255;2;10
255;3;10
255;4;10
255;5;10
255;6;10
255;7;10
256;0;10
256;1;10
256;2;10
256;3;10
256;4;10
256;5;10
256;6;10
256;7;10
257;0;80
257;1;70
257;2;60
257;3;50
257;4;40
257;5;30
257;6;20
257;7;10
258;0;10
258;1;20
258;2;30
258;3;40
258;4;50
258;5;60
258;6;70
258;7;80
259;0;10
259;1;10
259;2;10
259;3;10
259;4;10
259;5;10
259;6;10
259;7;10
260;0;10
260;1;10
260;2;10
260;3;10
260;4;10
260;5;10
260;6;10
260;7;10
261;0;80
261;1;70
261;2;60
261;3;50
261;4;40
261;5;30
261;6;20
261;7;10
262;0;10
262;1;10
262;2;10
262;3;10
262;4;10
262;5;10
262;6;10
262;7;10
263;0;10
263;1;10
263;2;10
263;3;10
263;4;10
263;5;10
263;6;10
263;7;10
264;0;10
264;1;20
264;2;30
264;3;40
264;4;50
264;5;60
264;6;70
264;7;80
265;0;10
265;1;20
265;2;30
265;3;40
265;4;50
265;5;60
265;6;70
265;7;80
266;0;80
266;1;70
266;2;60
266;3;50
266;4;40
266;5;30
266;6;20
266;7;10
267;0;10
267;1;20
267;2;30
267;3;40
267;4;50
267;5;60
267;6;70
267;7;80
268;0;10
268;1;20
268;2;30
268;3;40
268;4;50
268;5;60
268;6;70
268;7;80
269;0;10
269;1;20
269;2;30
269;3;40
269;4;50
269;5;60
269;6;70
269;7;80
270;0;10
270;1;20
270;2;30
270;3;40
270;4;50
270;5;60
270;6;70
270;7;80
271;0;10
271;1;10
271;2;10
271;3;10
271;4;10
271;5;10
271;6;10
271;7;10
272;0;10
272;1;10
272;2;10
272;3;10
272;4;10
272;5;10
272;6;10
272;7;10
273;0;10
273;1;10
273;2;10
273;3;10
273;4;10
273;5;10
273;6;10
273;7;10
274;0;10
274;1;20
274;2;30
274;3;40
274;4;50
274;5;60
274;6;70
274;7;80
275;0;80
275;1;70
275;2;60
275;3;50
275;4;40
275;5;30
275;6;20
275;7;10
276;0;10
276;1;10
276;2;10
276;3;10
276;4;10
276;5;10
276;6;10
276;7;10
277;0;10
277;1;20
277;2;30
277;3;40
277;4;50
277;5;60
277;6;70
277;7;80
278;0;10
278;1;20
278;2;30
278;3;40
278;4;50
278;5;60
278;6;70
278;7;80
279;0;10
279;1;20
279;2;30
279;3;40
279;4;50
279;5;60
279;6;70
279;7;80
280;0;10
280;1;10
280;2;10
280;3;10
280;4;10
280;5;10
280;6;10
280;7;10
281;0;10
281;1;10
281;2;10
281;3;10
281;4;10
281;5;10
281;6;10
281;7;10
282;0;10
282;1;10
282;2;10
282;3;10
282;4;10
282;5;10
282;6;10
282;7;10
283;0;10
283;1;20
283;2;30
283;3;40
283;4;50
283;5;60
283;6;70
283;7;80
284;0;10
284;1;20
284;2;30
284;3;40
284;4;50
284;5;60
284;6;70
284;7;80
285;0;80
285;1;70
285;2;60
285;3;50
285;4;40
285;5;30
285;6;20
285;7;10
286;0;10
286;1;20
286;2;30
286;3;40
286;4;50
286;5;60
286;6;70
286;7;80
287;0;10
287;1;20
287;2;30
287;3;40
287;4;50
287;5;60
287;6;70
287;7;80
288;0;10
288;1;20
288;2;30
288;3;40
288;4;50
288;5;60
288;6;70
288;7;80
289;0;10
289;1;20
289;2;30
289;3;40
289;4;50
289;5;60
289;6;70
289;7;80
290;0;10
290;1;10
290;2;10
290;3;10
290;4;10
290;5;10
290;6;10
290;7;10
291;0;10
291;1;20
291;2;30
291;3;40
291;4;50
291;5;60
291;6;70
291;7;80
292;0;10
292;1;10
292;2;10
292;3;10
292;4;10
292;5;10
292;6;10
292;7;10
293;0;80
293;1;70
293;2;60
293;3;50
293;4;40
293;5;30
293;6;20
293;7;10
294;0;80
294;1;70
294;2;60
294;3;50
294;4;40
294;5;30
294;6;20
294;7;10
295;0;10
295;1;20
295;2;30
295;3;40
295;4;50
295;5;60
295;6;70
295;7;80
296;0;80
296;1;70
296;2;60
296;3;50
296;4;40
296;5;30
296;6;20
296;7;10
297;0;80
297;1;70
297;2;60
297;3;50
297;4;40
297;5;30
297;6;20
297;7;10
298;0;10
298;1;10
298;2;10
298;3;10
298;4;10
298;5;10
298;6;10
298;7;10
299;0;80
299;1;70
299;2;60
299;3;50
299;4;40
299;5;30
299;6;20
299;7;10
300;0;10
300;1;20
300;2;30
300;3;40
300;4;50
300;5;60
300;6;70
300;7;80
301;0;10
301;1;20
301;2;30
301;3;40
301;4;50
301;5;60
301;6;70
301;7;80
302;0;10
302;1;20
302;2;30
302;3;40
302;4;50
302;5;60
302;6;70
302;7;80
303;0;10
303;1;20
303;2;30
303;3;40
303;4;50
303;5;60
303;6;70
303;7;80
304;0;10
304;1;20
304;2;30
304;3;40
304;4;50
304;5;60
304;6;70
304;7;80
305;0;10
305;1;20
305;2;30
305;3;40
305;4;50
305;5;60
305;6;70
305;7;80
306;0;80
306;1;70
306;2;60
306;3;50
306;4;40
306;5;30
306;6;20
306;7;10
307;0;10
307;1;10
307;2;10
307;3;10
307;4;10
307;5;10
307;6;10
307;7;10
308;0;10
308;1;10
308;2;10
308;3;10
308;4;10
308;5;10
308;6;10
308;7;10
309;0;10
309;1;20
309;2;30
309;3;40
309;4;50
309;5;60
309;6;70
309;7;80
310;0;10
310;1;10
310;2;10
310;3;10
310;4;10
310;5;10
310;6;10
310;7;10
311;0;10
311;1;10
311;2;10
311;3;10
311;4;10
311;5;10
311;6;10
311;7;10
312;0;80
312;1;70
312;2;60
312;3;50
312;4;40
312;5;30
312;6;20
312;7;10
313;0;80
313;1;70
313;2;60
313;3;50
313;4;40
313;5;30
313;6;20
313;7;10
314;0;10
314;1;20
314;2;30
314;3;40
314;4;50
314;5;60
314;6;70
314;7;80
315;0;80
315;1;70
315;2;60
315;3;50
315;4;40
315;5;30
315;6;20
315;7;10
316;0;10
316;1;20
316;2;30
316;3;40
316;4;50
316;5;60
316;6;70
316;7;80
317;0;10
317;1;10
317;2;10
317;3;10
317;4;10
317;5;10
317;6;10
317;7;10
318;0;80
318;1;70
318;2;60
318;3;50
318;4;40
318;5;30
318;6;20
318;7;10
319;0;10
319;1;10
319;2;10
319;3;10
319;4;10
319;5;10
319;6;10
319;7;10
320;0;10
320;1;10
320;2;10
320;3;10
320;4;10
320;5;10
320;6;10
320;7;10
321;0;10
321;1;20
321;2;30
321;3;40
321;4;50
321;5;60
321;6;70
321;7;80
322;0;10
322;1;10
322;2;10
322;3;10
322;4;10
322;5;10
322;6;10
322;7;10
323;0;10
323;1;20
323;2;30
323;3;40
323;4;50
323;5;60
323;6;70
323;7;80
324;0;10
324;1;20
324;2;30
324;3;40
324;4;50
324;5;60
324;6;70
324;7;80
325;0;80
325;1;70
325;2;60
325;3;50
325;4;40
325;5;30
325;6;20
325;7;10
326;0;10
326;1;10
326;2;10
326;3;10
326;4;10
326;5;10
326;6;10
326;7;10
327;0;10
327;1;10
327;2;10
327;3;10
327;4;10
327;5;10
327;6;10
327;7;10
328;0;10
328;1;20
328;2;30
328;3;40
328;4;50
328;5;60
328;6;70
328;7;80
329;0;80
329;1;70
329;2;60
329;3;50
329;4;40
329;5;30
329;6;20
329;7;10
330;0;10
330;1;20
330;2;30
330;3;40
330;4;50
330;5;60
330;6;70
330;7;80
331;0;10
331;1;10
331;2;10
331;3;10
331;4;10
331;5;10
331;6;10
331;7;10
332;0;10
332;1;10
332;2;10
332;3;10
332;4;10
332;5;10
332;6;10
332;7;10
333;0;10
333;1;20
333;2;30
333;3;40
333;4;50
333;5;60
333;6;70
333;7;80
334;0;80
334;1;70
334;2;60
334;3;50
334;4;40
334;5;30
334;6;20
334;7;10
335;0;10
335;1;20
335;2;30
335;3;40
335;4;50
335;5;60
335;6;70
335;7;80
336;0;10
336;1;20
336;2;30
336;3;40
336;4;50
336;5;60
336;6;70
336;7;80
337;0;10
337;1;10
337;2;10
337;3;10
337;4;10
337;5;10
337;6;10
337;7;10
338;0;10
338;1;20
338;2;30
338;3;40
338;4;50
338;5;60
338;6;70
338;7;80
339;0;10
339;1;10
339;2;10
339;3;10
339;4;10
339;5;10
339;6;10
339;7;10
340;0;80
340;1;70
340;2;60
340;3;50
340;4;40
340;5;30
340;6;20
340;7;10
341;0;10
341;1;10
341;2;10
341;3;10
341;4;10
341;5;10
341;6;10
341;7;10
342;0;10
342;1;10
342;2;10
342;3;10
342;4;10
342;5;10
342;6;10
342;7;10
343;0;10
343;1;20
343;2;30
343;3;40
343;4;50
343;5;60
343;6;70
343;7;80
344;0;10
344;1;20
344;2;30
344;3;40
344;4;50
344;5;60
344;6;70
344;7;80
345;0;80
345;1;70
345;2;60
345;3;50
345;4;40
345;5;30
345;6;20
345;7;10
346;0;10
346;1;10
346;2;10
346;3;10
346;4;10
346;5;10
346;6;10
346;7;10
347;0;80
347;1;70
347;2;60
347;3;50
347;4;40
347;5;30
347;6;20
347;7;10
348;0;10
348;1;10
348;2;10
348;3;10
348;4;10
348;5;10
348;6;10
348;7;10
349;0;10
349;1;20
349;2;30
349;3;40
349;4;50
349;5;60
349;6;70
349;7;80
350;0;10
350;1;20
350;2;30
350;3;40
350;4;50
350;5;60
350;6;70
350;7;80
351;0;10
351;1;20
351;2;30
351;3;40
351;4;50
351;5;60
351;6;70
351;7;80
352;0;80
352;1;70
352;2;60
352;3;50
352;4;40
352;5;30
352;6;20
352;7;10
353;0;10
353;1;20
353;2;30
353;3;40
353;4;50
353;5;60
353;6;70
353;7;80
354;0;80
354;1;70
354;2;60
354;3;50
354;4;40
354;5;30
354;6;20
354;7;10
355;0;80
355;1;70
355;2;60
355;3;50
355;4;40
355;5;30
355;6;20
355;7;10
356;0;10
356;1;20
356;2;30
356;3;40
356;4;50
356;5;60
356;6;70
356;7;80
357;0;80
357;1;70
357;2;60
357;3;50
357;4;40
357;5;30
357;6;20
357;7;10
358;0;10
358;1;20
358;2;30
358;3;40
358;4;50
358;5;60
358;6;70
358;7;80
359;0;80
359;1;70
359;2;60
359;3;50
359;4;40
359;5;30
359;6;20
359;7;10
360;0;10
360;1;20
360;2;30
360;3;40
360;4;50
360;5;60
360;6;70
360;7;80
361;0;10
361;1;10
361;2;10
361;3;10
361;4;10
361;5;10
361;6;10
361;7;10
362;0;10
362;1;20
362;2;30
362;3;40
362;4;50
362;5;60
362;6;70
362;7;80
363;0;10
363;1;10
363;2;10
363;3;10
363;4;10
363;5;10
363;6;10
363;7;10
364;0;10
364;1;20
364;2;30
364;3;40
364;4;50
364;5;60
364;6;70
364;7;80
365;0;10
365;1;20
365;2;30
365;3;40
365;4;50
365;5;60
365;6;70
365;7;80
366;0;10
366;1;20
366;2;30
366;3;40
366;4;50
366;5;60
366;6;70
366;7;80
367;0;10
367;1;10
367;2;10
367;3;10
367;4;10
367;5;10
367;6;10
367;7;10
368;0;10
368;1;20
368;2;30
368;3;40
368;4;50
368;5;60
368;6;70
368;7;80
369;0;10
369;1;10
369;2;10
369;3;10
369;4;10
369;5;10
369;6;10
369;7;10
370;0;10
370;1;20
370;2;30
370;3;40
370;4;50
370;5;60
370;6;70
370;7;80
371;0;10
371;1;10
371;2;10
371;3;10
371;4;10
371;5;10
371;6;10
371;7;10
372;0;10
372;1;10
372;2;10
372;3;10
372;4;10
372;5;10
372;6;10
372;7;10
373;0;10
373;1;10
373;2;10
373;3;10
373;4;10
373;5;10
373;6;10
373;7;10
374;0;10
374;1;20
374;2;30
374;3;40
374;4;50
374;5;60
374;6;70
374;7;80
375;0;10
375;1;10
375;2;10
375;3;10
375;4;10
375;5;10
375;6;10
375;7;10
376;0;10
376;1;20
376;2;30
376;3;40
376;4;50
376;5;60
376;6;70
376;7;80
377;0;80
377;1;70
377;2;60
377;3;50
377;4;40
377;5;30
377;6;20
377;7;10
378;0;10
378;1;20
378;2;30
378;3;40
378;4;50
378;5;60
378;6;70
378;7;80
379;0;10
379;1;10
379;2;10
379;3;10
379;4;10
379;5;10
379;6;10
379;7;10
380;0;80
380;1;70
380;2;60
380;3;50
380;4;40
380;5;30
380;6;20
380;7;10
381;0;10
381;1;20
381;2;30
381;3;40
381;4;50
381;5;60
381;6;70
381;7;80
382;0;10
382;1;10
382;2;10
382;3;10
382;4;10
382;5;10
382;6;10
382;7;10
383;0;80
383;1;70
383;2;60
383;3;50
383;4;40
383;5;30
383;6;20
383;7;10
384;0;80
384;1;70
384;2;60
384;3;50
384;4;40
384;5;30
384;6;20
384;7;10
385;0;10
385;1;20
385;2;30
385;3;40
385;4;50
385;5;60
385;6;70
385;7;80
386;0;10
386;1;10
386;2;10
386;3;10
386;4;10
386;5;10
386;6;10
386;7;10
387;0;10
387;1;20
387;2;30
387;3;40
387;4;50
387;5;60
387;6;70
387;7;80
388;0;10
388;1;10
388;2;10
388;3;10
388;4;10
388;5;10
388;6;10
388;7;10
389;0;10
389;1;20
389;2;30
389;3;40
389;4;50
389;5;60
389;6;70
389;7;80
390;0;10
390;1;10
390;2;10
390;3;10
390;4;10
390;5;10
390;6;10
390;7;10
391;0;80
391;1;70
391;2;60
391;3;50
391;4;40
391;5;30
391;6;20
391;7;10
392;0;10
392;1;10
392;2;10
392;3;10
392;4;10
392;5;10
392;6;10
392;7;10
393;0;10
393;1;20
393;2;30
393;3;40
393;4;50
393;5;60
393;6;70
393;7;80
394;0;80
394;1;70
394;2;60
394;3;50
394;4;40
394;5;30
394;6;20
394;7;10
395;0;10
395;1;10
395;2;10
395;3;10
395;4;10
395;5;10
395;6;10
395;7;10
396;0;10
396;1;10
396;2;10
396;3;10
396;4;10
396;5;10
396;6;10
396;7;10
397;0;10
397;1;10
397;2;10
397;3;10
397;4;10
397;5;10
397;6;10
397;7;10
398;0;10
398;1;20
398;2;30
398;3;40
398;4;50
398;5;60
398;6;70
398;7;80
399;0;10
399;1;20
399;2;30
399;3;40
399;4;50
399;5;60
399;6;70
399;7;80
400;0;80
400;1;70
400;2;60
400;3;50
400;4;40
400;5;30
400;6;20
400;7;10
401;0;10
401;1;20
401;2;30
401;3;40
401;4;50
401;5;60
401;6;70
401;7;80
402;0;80
402;1;70
402;2;60
402;3;50
402;4;40
402;5;30
402;6;20
402;7;10
403;0;80
403;1;70
403;2;60
403;3;50
403;4;40
403;5;30
403;6;20
403;7;10
404;0;10
404;1;10
404;2;10
404;3;10
404;4;10
404;5;10
404;6;10
404;7;10
405;0;10
405;1;20
405;2;30
405;3;40
405;4;50
405;5;60
405;6;70
405;7;80
406;0;10
406;1;10
406;2;10
406;3;10
406;4;10
406;5;10
406;6;10
406;7;10
407;0;10
407;1;20
407;2;30
407;3;40
407;4;50
407;5;60
407;6;70
407;7;80
408;0;10
408;1;20
408;2;30
408;3;40
408;4;50
408;5;60
408;6;70
408;7;80
409;0;10
409;1;20
409;2;30
409;3;40
409;4;50
409;5;60
409;6;70
409;7;80
410;0;10
410;1;10
410;2;10
410;3;10
410;4;10
410;5;10
410;6;10
410;7;10
411;0;80
411;1;70
411;2;60
411;3;50
411;4;40
411;5;30
411;6;20
411;7;10
412;0;10
412;1;20
412;2;30
412;3;40
412;4;50
412;5;60
412;6;70
412;7;80
413;0;10
413;1;20
413;2;30
413;3;40
413;4;50
413;5;60
413;6;70
413;7;80
414;0;10
414;1;20
414;2;30
414;3;40
414;4;50
414;5;60
414;6;70
414;7;80
415;0;10
415;1;20
415;2;30
415;3;40
415;4;50
415;5;60
415;6;70
415;7;80
416;0;80
416;1;70
416;2;60
416;3;50
416;4;40
416;5;30
416;6;20
416;7;10
417;0;10
417;1;20
417;2;30
417;3;40
417;4;50
417;5;60
417;6;70
417;7;80
418;0;10
418;1;10
418;2;10
418;3;10
418;4;10
418;5;10
418;6;10
418;7;10
419;0;10
419;1;20
419;2;30
419;3;40
419;4;50
419;5;60
419;6;70
419;7;80
420;0;80
420;1;70
420;2;60
420;3;50
420;4;40
420;5;30
420;6;20
420;7;10
421;0;80
421;1;70
421;2;60
421;3;50
421;4;40
421;5;30
421;6;20
421;7;10
422;0;80
422;1;70
422;2;60
422;3;50
422;4;40
422;5;30
422;6;20
422;7;10
423;0;10
423;1;20
423;2;30
423;3;40
423;4;50
423;5;60
423;6;70
423;7;80
424;0;80
424;1;70
424;2;60
424;3;50
424;4;40
424;5;30
424;6;20
424;7;10
425;0;10
425;1;20
425;2;30
425;3;40
425;4;50
425;5;60
425;6;70
425;7;80
426;0;10
426;1;10
426;2;10
426;3;10
426;4;10
426;5;10
426;6;10
426;7;10
427;0;80
427;1;70
427;2;60
427;3;50
427;4;40
427;5;30
427;6;20
427;7;10
428;0;10
428;1;20
428;2;30
428;3;40
428;4;50
428;5;60
428;6;70
428;7;80
429;0;80
429;1;70
429;2;60
429;3;50
429;4;40
429;5;30
429;6;20
429;7;10
430;0;80
430;1;70
430;2;60
430;3;50
430;4;40
430;5;30
430;6;20
430;7;10
431;0;10
431;1;10
431;2;10
431;3;10
431;4;10
431;5;10
431;6;10
431;7;10
432;0;10
432;1;10
432;2;10
432;3;10
432;4;10
432;5;10
432;6;10
432;7;10
433;0;10
433;1;10
433;2;10
433;3;10
433;4;10
433;5;10
433;6;10
433;7;10
434;0;10
434;1;10
434;2;10
434;3;10
434;4;10
434;5;10
434;6;10
434;7;10
435;0;80
435;1;70
435;2;60
435;3;50
435;4;40
435;5;30
435;6;20
435;7;10
436;0;10
436;1;10
436;2;10
436;3;10
436;4;10
436;5;10
436;6;10
436;7;10
437;0;80
437;1;70
437;2;60
437;3;50
437;4;40
437;5;30
437;6;20
437;7;10
438;0;80
438;1;70
438;2;60
438;3;50
438;4;40
438;5;30
438;6;20
438;7;10
439;0;80
439;1;70
439;2;60
439;3;50
439;4;40
439;5;30
439;6;20
439;7;10
440;0;80
440;1;70
440;2;60
440;3;50
440;4;40
440;5;30
440;6;20
440;7;10
441;0;10
441;1;10
441;2;10
441;3;10
441;4;10
441;5;10
441;6;10
441;7;10
442;0;10
442;1;10
442;2;10
442;3;10
442;4;10
442;5;10
442;6;10
442;7;10
443;0;10
443;1;20
443;2;30
443;3;40
443;4;50
443;5;60
443;6;70
443;7;80
444;0;80
444;1;70
444;2;60
444;3;50
444;4;40
444;5;30
444;6;20
444;7;10
445;0;10
445;1;20
445;2;30
445;3;40
445;4;50
445;5;60
445;6;70
445;7;80
446;0;10
446;1;10
446;2;10
446;3;10
446;4;10
446;5;10
446;6;10
446;7;10
447;0;80
447;1;70
447;2;60
447;3;50
447;4;40
447;5;30
447;6;20
447;7;10
448;0;80
448;1;70
448;2;60
448;3;50
448;4;40
448;5;30
448;6;20
448;7;10
449;0;10
449;1;10
449;2;10
449;3;10
449;4;10
449;5;10
449;6;10
449;7;10
450;0;10
450;1;10
450;2;10
450;3;10
450;4;10
450;5;10
450;6;10
450;7;10
451;0;10
451;1;10
451;2;10
451;3;10
451;4;10
451;5;10
451;6;10
451;7;10
452;0;10
452;1;10
452;2;10
452;3;10
452;4;10
452;5;10
452;6;10
452;7;10
453;0;80
453;1;70
453;2;60
453;3;50
453;4;40
453;5;30
453;6;20
453;7;10
454;0;10
454;1;10
454;2;10
454;3;10
454;4;10
454;5;10
454;6;10
454;7;10
455;0;80
455;1;70
455;2;60
455;3;50
455;4;40
455;5;30
455;6;20
455;7;10
456;0;10
456;1;20
456;2;30
456;3;40
456;4;50
456;5;60
456;6;70
456;7;80
457;0;10
457;1;10
457;2;10
457;3;10
457;4;10
457;5;10
457;6;10
457;7;10
458;0;10
458;1;10
458;2;10
458;3;10
458;4;10
458;5;10
458;6;10
458;7;10
459;0;80
459;1;70
459;2;60
459;3;50
459;4;40
459;5;30
459;6;20
459;7;10
460;0;80
460;1;70
460;2;60
460;3;50
460;4;40
460;5;30
460;6;20
460;7;10
461;0;10
461;1;10
461;2;10
461;3;10
461;4;10
461;5;10
461;6;10
461;7;10
462;0;80
462;1;70
462;2;60
462;3;50
462;4;40
462;5;30
462;6;20
462;7;10
463;0;80
463;1;70
463;2;60
463;3;50
463;4;40
463;5;30
463;6;20
463;7;10
464;0;10
464;1;10
464;2;10
464;3;10
464;4;10
464;5;10
464;6;10
464;7;10
465;0;10
465;1;20
465;2;30
465;3;40
465;4;50
465;5;60
465;6;70
465;7;80
466;0;10
466;1;20
466;2;30
466;3;40
466;4;50
466;5;60
466;6;70
466;7;80
467;0;10
467;1;10
467;2;10
467;3;10
467;4;10
467;5;10
467;6;10
467;7;10
468;0;10
468;1;10
468;2;10
468;3;10
468;4;10
468;5;10
468;6;10
468;7;10
469;0;10
469;1;20
469;2;30
469;3;40
469;4;50
469;5;60
469;6;70
469;7;80
470;0;10
470;1;10
470;2;10
470;3;10
470;4;10
470;5;10
470;6;10
470;7;10
471;0;10
471;1;20
471;2;30
471;3;40
471;4;50
471;5;60
471;6;70
471;7;80
472;0;10
472;1;10
472;2;10
472;3;10
472;4;10
472;5;10
472;6;10
472;7;10
473;0;10
473;1;10
473;2;10
473;3;10
473;4;10
473;5;10
473;6;10
473;7;10
474;0;80
474;1;70
474;2;60
474;3;50
474;4;40
474;5;30
474;6;20
474;7;10
475;0;10
475;1;10
475;2;10
475;3;10
475;4;10
475;5;10
475;6;10
475;7;10
476;0;10
476;1;20
476;2;30
476;3;40
476;4;50
476;5;60
476;6;70
476;7;80
477;0;10
477;1;10
477;2;10
477;3;10
477;4;10
477;5;10
477;6;10
477;7;10
478;0;10
478;1;10
478;2;10
478;3;10
478;4;10
478;5;10
478;6;10
478;7;10
479;0;10
479;1;20
479;2;30
479;3;40
479;4;50
479;5;60
479;6;70
479;7;80
480;0;80
480;1;70
480;2;60
480;3;50
480;4;40
480;5;30
480;6;20
480;7;10
481;0;10
481;1;20
481;2;30
481;3;40
481;4;50
481;5;60
481;6;70
481;7;80
482;0;80
482;1;70
482;2;60
482;3;50
482;4;40
482;5;30
482;6;20
482;7;10
483;0;10
483;1;10
483;2;10
483;3;10
483;4;10
483;5;10
483;6;10
483;7;10
484;0;10
484;1;10
484;2;10
484;3;10
484;4;10
484;5;10
484;6;10
484;7;10
485;0;80
485;1;70
485;2;60
485;3;50
485;4;40
485;5;30
485;6;20
485;7;10
486;0;10
486;1;10
486;2;10
486;3;10
486;4;10
486;5;10
486;6;10
486;7;10
487;0;10
487;1;10
487;2;10
487;3;10
487;4;10
487;5;10
487;6;10
487;7;10
488;0;80
488;1;70
488;2;60
488;3;50
488;4;40
488;5;30
488;6;20
488;7;10
489;0;10
489;1;20
489;2;30
489;3;40
489;4;50
489;5;60
489;6;70
489;7;80
490;0;80
490;1;70
490;2;60
490;3;50
490;4;40
490;5;30
490;6;20
490;7;10
491;0;80
491;1;70
491;2;60
491;3;50
491;4;40
491;5;30
491;6;20
491;7;10
492;0;10
492;1;10
492;2;10
492;3;10
492;4;10
492;5;10
492;6;10
492;7;10
493;0;80
493;1;70
493;2;60
493;3;50
493;4;40
493;5;30
493;6;20
493;7;10
494;0;10
494;1;10
494;2;10
494;3;10
494;4;10
494;5;10
494;6;10
494;7;10
495;0;80
495;1;70
495;2;60
495;3;50
495;4;40
495;5;30
495;6;20
495;7;10
496;0;80
496;1;70
496;2;60
496;3;50
496;4;40
496;5;30
496;6;20
496;7;10
497;0;10
497;1;10
497;2;10
497;3;10
497;4;10
497;5;10
497;6;10
497;7;10
498;0;10
498;1;10
498;2;10
498;3;10
498;4;10
498;5;10
498;6;10
498;7;10
499;0;80
499;1;70
499;2;60
499;3;50
499;4;40
499;5;30
499;6;20
499;7;10
500;0;10
500;1;10
500;2;10
500;3;10
500;4;10
500;5;10
500;6;10
500;7;10
501;0;10
501;1;20
501;2;30
501;3;40
501;4;50
501;5;60
501;6;70
501;7;80
502;0;10
502;1;10
502;2;10
502;3;10
502;4;10
502;5;10
502;6;10
502;7;10
503;0;10
503;1;20
503;2;30
503;3;40
503;4;50
503;5;60
503;6;70
503;7;80
504;0;80
504;1;70
504;2;60
504;3;50
504;4;40
504;5;30
504;6;20
504;7;10
505;0;80
505;1;70
505;2;60
505;3;50
505;4;40
505;5;30
505;6;20
505;7;10
506;0;10
506;1;10
506;2;10
506;3;10
506;4;10
506;5;10
506;6;10
506;7;10
507;0;80
507;1;70
507;2;60
507;3;50
507;4;40
507;5;30
507;6;20
507;7;10
508;0;80
508;1;70
508;2;60
508;3;50
508;4;40
508;5;30
508;6;20
508;7;10
509;0;80
509;1;70
509;2;60
509;3;50
509;4;40
509;5;30
509;6;20
509;7;10
510;0;10
510;1;10
510;2;10
510;3;10
510;4;10
510;5;10
510;6;10
510;7;10
511;0;10
511;1;20
511;2;30
511;3;40
511;4;50
511;5;60
511;6;70
511;7;80
512;0;10
512;1;10
512;2;10
512;3;10
512;4;10
512;5;10
512;6;10
512;7;10
513;0;10
513;1;10
513;2;10
513;3;10
513;4;10
513;5;10
513;6;10
513;7;10
514;0;10
514;1;10
514;2;10
514;3;10
514;4;10
514;5;10
514;6;10
514;7;10
515;0;10
515;1;10
515;2;10
515;3;10
515;4;10
515;5;10
515;6;10
515;7;10
516;0;10
516;1;20
516;2;30
516;3;40
516;4;50
516;5;60
516;6;70
516;7;80
517;0;10
517;1;10
517;2;10
517;3;10
517;4;10
517;5;10
517;6;10
517;7;10
518;0;10
518;1;10
518;2;10
518;3;10
518;4;10
518;5;10
518;6;10
518;7;10
519;0;10
519;1;20
519;2;30
519;3;40
519;4;50
519;5;60
519;6;70
519;7;80
520;0;10
520;1;20
520;2;30
520;3;40
520;4;50
520;5;60
520;6;70
520;7;80
521;0;10
521;1;10
521;2;10
521;3;10
521;4;10
521;5;10
521;6;10
521;7;10
522;0;10
522;1;10
522;2;10
522;3;10
522;4;10
522;5;10
522;6;10
522;7;10
523;0;10
523;1;10
523;2;10
523;3;10
523;4;10
523;5;10
523;6;10
523;7;10
524;0;80
524;1;70
524;2;60
524;3;50
524;4;40
524;5;30
524;6;20
524;7;10
525;0;80
525;1;70
525;2;60
525;3;50
525;4;40
525;5;30
525;6;20
525;7;10
526;0;10
526;1;20
526;2;30
526;3;40
526;4;50
526;5;60
526;6;70
526;7;80
527;0;10
527;1;10
527;2;10
527;3;10
527;4;10
527;5;10
527;6;10
527;7;10
528;0;10
528;1;20
528;2;30
528;3;40
528;4;50
528;5;60
528;6;70
528;7;80
529;0;10
529;1;20
529;2;30
529;3;40
529;4;50
529;5;60
529;6;70
529;7;80
530;0;80
530;1;70
530;2;60
530;3;50
530;4;40
530;5;30
530;6;20
530;7;10
531;0;80
531;1;70
531;2;60
531;3;50
531;4;40
531;5;30
531;6;20
531;7;10
532;0;10
532;1;20
532;2;30
532;3;40
532;4;50
532;5;60
532;6;70
532;7;80
533;0;10
533;1;10
533;2;10
533;3;10
533;4;10
533;5;10
533;6;10
533;7;10
534;0;10
534;1;20
534;2;30
534;3;40
534;4;50
534;5;60
534;6;70
534;7;80
535;0;10
535;1;20
535;2;30
535;3;40
535;4;50
535;5;60
535;6;70
535;7;80
536;0;80
536;1;70
536;2;60
536;3;50
536;4;40
536;5;30
536;6;20
536;7;10
537;0;10
537;1;10
537;2;10
537;3;10
537;4;10
537;5;10
537;6;10
537;7;10
538;0;10
538;1;10
538;2;10
538;3;10
538;4;10
538;5;10
538;6;10
538;7;10
539;0;10
539;1;10
539;2;10
539;3;10
539;4;10
539;5;10
539;6;10
539;7;10
540;0;80
540;1;70
540;2;60
540;3;50
540;4;40
540;5;30
540;6;20
540;7;10
541;0;10
541;1;20
541;2;30
541;3;40
541;4;50
541;5;60
541;6;70
541;7;80
542;0;80
542;1;70
542;2;60
542;3;50
542;4;40
542;5;30
542;6;20
542;7;10
543;0;10
543;1;10
543;2;10
543;3;10
543;4;10
543;5;10
543;6;10
543;7;10
544;0;10
544;1;10
544;2;10
544;3;10
544;4;10
544;5;10
544;6;10
544;7;10
545;0;10
545;1;10
545;2;10
545;3;10
545;4;10
545;5;10
545;6;10
545;7;10
546;0;10
546;1;20
546;2;30
546;3;40
546;4;50
546;5;60
546;6;70
546;7;80
547;0;80
547;1;70
547;2;60
547;3;50
547;4;40
547;5;30
547;6;20
547;7;10
548;0;80
548;1;70
548;2;60
548;3;50
548;4;40
548;5;30
548;6;20
548;7;10
549;0;10
549;1;20
549;2;30
549;3;40
549;4;50
549;5;60
549;6;70
549;7;80
550;0;80
550;1;70
550;2;60
550;3;50
550;4;40
550;5;30
550;6;20
550;7;10
551;0;10
551;1;10
551;2;10
551;3;10
551;4;10
551;5;10
551;6;10
551;7;10
552;0;10
552;1;20
552;2;30
552;3;40
552;4;50
552;5;60
552;6;70
552;7;80
553;0;80
553;1;70
553;2;60
553;3;50
553;4;40
553;5;30
553;6;20
553;7;10
554;0;80
554;1;70
554;2;60
554;3;50
554;4;40
554;5;30
554;6;20
554;7;10
555;0;10
555;1;20
555;2;30
555;3;40
555;4;50
555;5;60
555;6;70
555;7;80
556;0;10
556;1;20
556;2;30
556;3;40
556;4;50
556;5;60
556;6;70
556;7;80
557;0;10
557;1;10
557;2;10
557;3;10
557;4;10
557;5;10
557;6;10
557;7;10
558;0;10
558;1;10
558;2;10
558;3;10
558;4;10
558;5;10
558;6;10
558;7;10
559;0;10
559;1;20
559;2;30
559;3;40
559;4;50
559;5;60
559;6;70
559;7;80
560;0;80
560;1;70
560;2;60
560;3;50
560;4;40
560;5;30
560;6;20
560;7;10
561;0;10
561;1;20
561;2;30
561;3;40
561;4;50
561;5;60
561;6;70
561;7;80
562;0;80
562;1;70
562;2;60
562;3;50
562;4;40
562;5;30
562;6;20
562;7;10
563;0;10
563;1;10
563;2;10
563;3;10
563;4;10
563;5;10
563;6;10
563;7;10
564;0;10
564;1;10
564;2;10
564;3;10
564;4;10
564;5;10
564;6;10
564;7;10
565;0;80
565;1;70
565;2;60
565;3;50
565;4;40
565;5;30
565;6;20
565;7;10
566;0;80
566;1;70
566;2;60
566;3;50
566;4;40
566;5;30
566;6;20
566;7;10
567;0;80
567;1;70
567;2;60
567;3;50
567;4;40
567;5;30
567;6;20
567;7;10
568;0;80
568;1;70
568;2;60
568;3;50
568;4;40
568;5;30
568;6;20
568;7;10
569;0;10
569;1;10
569;2;10
569;3;10
569;4;10
569;5;10
569;6;10
569;7;10
570;0;10
570;1;10
570;2;10
570;3;10
570;4;10
570;5;10
570;6;10
570;7;10
571;0;10
571;1;10
571;2;10
571;3;10
571;4;10
571;5;10
571;6;10
571;7;10
572;0;80
572;1;70
572;2;60
572;3;50
572;4;40
572;5;30
572;6;20
572;7;10
573;0;10
573;1;10
573;2;10
573;3;10
573;4;10
573;5;10
573;6;10
573;7;10
574;0;10
574;1;20
574;2;30
574;3;40
574;4;50
574;5;60
574;6;70
574;7;80
575;0;10
575;1;20
575;2;30
575;3;40
575;4;50
575;5;60
575;6;70
575;7;80
576;0;10
576;1;10
576;2;10
576;3;10
576;4;10
576;5;10
576;6;10
576;7;10
577;0;10
577;1;20
577;2;30
577;3;40
577;4;50
577;5;60
577;6;70
577;7;80
578;0;10
578;1;20
578;2;30
578;3;40
578;4;50
578;5;60
578;6;70
578;7;80
579;0;80
579;1;70
579;2;60
579;3;50
579;4;40
579;5;30
579;6;20
579;7;10
580;0;10
580;1;10
580;2;10
580;3;10
580;4;10
580;5;10
580;6;10
580;7;10
581;0;10
581;1;20
581;2;30
581;3;40
581;4;50
581;5;60
581;6;70
581;7;80
582;0;10
582;1;10
582;2;10
582;3;10
582;4;10
582;5;10
582;6;10
582;7;10
583;0;10
583;1;20
583;2;30
583;3;40
583;4;50
583;5;60
583;6;70
583;7;80
584;0;10
584;1;10
584;2;10
584;3;10
584;4;10
584;5;10
584;6;10
584;7;10
585;0;10
585;1;10
585;2;10
585;3;10
585;4;10
585;5;10
585;6;10
585;7;10
586;0;80
586;1;70
586;2;60
586;3;50
586;4;40
586;5;30
586;6;20
586;7;10
587;0;80
587;1;70
587;2;60
587;3;50
587;4;40
587;5;30
587;6;20
587;7;10
588;0;10
588;1;20
588;2;30
588;3;40
588;4;50
588;5;60
588;6;70
588;7;80
589;0;10
589;1;20
589;2;30
589;3;40
589;4;50
589;5;60
589;6;70
589;7;80
590;0;80
590;1;70
590;2;60
590;3;50
590;4;40
590;5;30
590;6;20
590;7;10
591;0;10
591;1;10
591;2;10
591;3;10
591;4;10
591;5;10
591;6;10
591;7;10
592;0;80
592;1;70
592;2;60
592;3;50
592;4;40
592;5;30
592;6;20
592;7;10
593;0;10
593;1;20
593;2;30
593;3;40
593;4;50
593;5;60
593;6;70
593;7;80
594;0;80
594;1;70
594;2;60
594;3;50
594;4;40
594;5;30
594;6;20
594;7;10
595;0;10
595;1;10
595;2;10
595;3;10
595;4;10
595;5;10
595;6;10
595;7;10
596;0;80
596;1;70
596;2;60
596;3;50
596;4;40
596;5;30
596;6;20
596;7;10
597;0;10
597;1;20
597;2;30
597;3;40
597;4;50
597;5;60
597;6;70
597;7;80
598;0;10
598;1;20
598;2;30
598;3;40
598;4;50
598;5;60
598;6;70
598;7;80
599;0;10
599;1;20
599;2;30
599;3;40
599;4;50
599;5;60
599;6;70
599;7;80
600;0;10
600;1;10
600;2;10
600;3;10
600;4;10
600;5;10
600;6;10
600;7;10
601;0;80
601;1;70
601;2;60
601;3;50
601;4;40
601;5;30
601;6;20
601;7;10
602;0;80
602;1;70
602;2;60
602;3;50
602;4;40
602;5;30
602;6;20
602;7;10
603;0;10
603;1;20
603;2;30
603;3;40
603;4;50
603;5;60
603;6;70
603;7;80
604;0;10
604;1;10
604;2;10
604;3;10
604;4;10
604;5;10
604;6;10
604;7;10
605;0;10
605;1;10
605;2;10
605;3;10
605;4;10
605;5;10
605;6;10
605;7;10
606;0;80
606;1;70
606;2;60
606;3;50
606;4;40
606;5;30
606;6;20
606;7;10
607;0;10
607;1;10
607;2;10
607;3;10
607;4;10
607;5;10
607;6;10
607;7;10
608;0;10
608;1;10
608;2;10
608;3;10
608;4;10
608;5;10
608;6;10
608;7;10
609;0;10
609;1;10
609;2;10
609;3;10
609;4;10
609;5;10
609;6;10
609;7;10
610;0;80
610;1;70
610;2;60
610;3;50
610;4;40
610;5;30
610;6;20
610;7;10
611;0;10
611;1;20
611;2;30
611;3;40
611;4;50
611;5;60
611;6;70
611;7;80
612;0;80
612;1;70
612;2;60
612;3;50
612;4;40
612;5;30
612;6;20
612;7;10
613;0;80
613;1;70
613;2;60
613;3;50
613;4;40
613;5;30
613;6;20
613;7;10
614;0;80
614;1;70
614;2;60
614;3;50
614;4;40
614;5;30
614;6;20
614;7;10
615;0;10
615;1;20
615;2;30
615;3;40
615;4;50
615;5;60
615;6;70
615;7;80
616;0;10
616;1;10
616;2;10
616;3;10
616;4;10
616;5;10
616;6;10
616;7;10
617;0;10
617;1;20
617;2;30
617;3;40
617;4;50
617;5;60
617;6;70
617;7;80
618;0;10
618;1;10
618;2;10
618;3;10
618;4;10
618;5;10
618;6;10
618;7;10
619;0;10
619;1;20
619;2;30
619;3;40
619;4;50
619;5;60
619;6;70
619;7;80
620;0;80
620;1;70
620;2;60
620;3;50
620;4;40
620;5;30
620;6;20
620;7;10
621;0;10
621;1;20
621;2;30
621;3;40
621;4;50
621;5;60
621;6;70
621;7;80
622;0;80
622;1;70
622;2;60
622;3;50
622;4;40
622;5;30
622;6;20
622;7;10
623;0;10
623;1;10
623;2;10
623;3;10
623;4;10
623;5;10
623;6;10
623;7;10
624;0;80
624;1;70
624;2;60
624;3;50
624;4;40
624;5;30
624;6;20
624;7;10
625;0;10
625;1;20
625;2;30
625;3;40
625;4;50
625;5;60
625;6;70
625;7;80
626;0;80
626;1;70
626;2;60
626;3;50
626;4;40
626;5;30
626;6;20
626;7;10
627;0;80
627;1;70
627;2;60
627;3;50
627;4;40
627;5;30
627;6;20
627;7;10
628;0;80
628;1;70
628;2;60
628;3;50
628;4;40
628;5;30
628;6;20
628;7;10
629;0;10
629;1;20
629;2;30
629;3;40
629;4;50
629;5;60
629;6;70
629;7;80
630;0;10
630;1;20
630;2;30
630;3;40
630;4;50
630;5;60
630;6;70
630;7;80
631;0;80
631;1;70
631;2;60
631;3;50
631;4;40
631;5;30
631;6;20
631;7;10
632;0;80
632;1;70
632;2;60
632;3;50
632;4;40
632;5;30
632;6;20
632;7;10
633;0;80
633;1;70
633;2;60
633;3;50
633;4;40
633;5;30
633;6;20
633;7;10
634;0;10
634;1;20
634;2;30
634;3;40
634;4;50
634;5;60
634;6;70
634;7;80
635;0;10
635;1;20
635;2;30
635;3;40
635;4;50
635;5;60
635;6;70
635;7;80
636;0;80
636;1;70
636;2;60
636;3;50
636;4;40
636;5;30
636;6;20
636;7;10
637;0;80
637;1;70
637;2;60
637;3;50
637;4;40
637;5;30
637;6;20
637;7;10
638;0;80
638;1;70
638;2;60
638;3;50
638;4;40
638;5;30
638;6;20
638;7;10
639;0;10
639;1;20
639;2;30
639;3;40
639;4;50
639;5;60
639;6;70
639;7;80
640;0;10
640;1;10
640;2;10
640;3;10
640;4;10
640;5;10
640;6;10
640;7;10
641;0;10
641;1;20
641;2;30
641;3;40
641;4;50
641;5;60
641;6;70
641;7;80
642;0;10
642;1;10
642;2;10
642;3;10
642;4;10
642;5;10
642;6;10
642;7;10
643;0;10
643;1;10
643;2;10
643;3;10
643;4;10
643;5;10
643;6;10
643;7;10
644;0;80
644;1;70
644;2;60
644;3;50
644;4;40
644;5;30
644;6;20
644;7;10
645;0;10
645;1;20
645;2;30
645;3;40
645;4;50
645;5;60
645;6;70
645;7;80
646;0;10
646;1;20
646;2;30
646;3;40
646;4;50
646;5;60
646;6;70
646;7;80
647;0;10
647;1;20
647;2;30
647;3;40
647;4;50
647;5;60
647;6;70
647;7;80
648;0;10
648;1;10
648;2;10
648;3;10
648;4;10
648;5;10
648;6;10
648;7;10
649;0;80
649;1;70
649;2;60
649;3;50
649;4;40
649;5;30
649;6;20
649;7;10
650;0;80
650;1;70
650;2;60
650;3;50
650;4;40
650;5;30
650;6;20
650;7;10
651;0;10
651;1;10
651;2;10
651;3;10
651;4;10
651;5;10
651;6;10
651;7;10
652;0;80
652;1;70
652;2;60
652;3;50
652;4;40
652;5;30
652;6;20
652;7;10
653;0;10
653;1;20
653;2;30
653;3;40
653;4;50
653;5;60
653;6;70
653;7;80
654;0;10
654;1;10
654;2;10
654;3;10
654;4;10
654;5;10
654;6;10
654;7;10
655;0;10
655;1;20
655;2;30
655;3;40
655;4;50
655;5;60
655;6;70
655;7;80
656;0;80
656;1;70
656;2;60
656;3;50
656;4;40
656;5;30
656;6;20
656;7;10
657;0;10
657;1;20
657;2;30
657;3;40
657;4;50
657;5;60
657;6;70
657;7;80
658;0;80
658;1;70
658;2;60
658;3;50
658;4;40
658;5;30
658;6;20
658;7;10
659;0;80
659;1;70
659;2;60
659;3;50
659;4;40
659;5;30
659;6;20
659;7;10
660;0;10
660;1;20
660;2;30
660;3;40
660;4;50
660;5;60
660;6;70
660;7;80
661;0;80
661;1;70
661;2;60
661;3;50
661;4;40
661;5;30
661;6;20
661;7;10
662;0;10
662;1;10
662;2;10
662;3;10
662;4;10
662;5;10
662;6;10
662;7;10
663;0;80
663;1;70
663;2;60
663;3;50
663;4;40
663;5;30
663;6;20
663;7;10
664;0;80
664;1;70
664;2;60
664;3;50
664;4;40
664;5;30
664;6;20
664;7;10
665;0;10
665;1;20
665;2;30
665;3;40
665;4;50
665;5;60
665;6;70
665;7;80
666;0;10
666;1;10
666;2;10
666;3;10
666;4;10
666;5;10
666;6;10
666;7;10
667;0;10
667;1;10
667;2;10
667;3;10
667;4;10
667;5;10
667;6;10
667;7;10
668;0;10
668;1;10
668;2;10
668;3;10
668;4;10
668;5;10
668;6;10
668;7;10
669;0;10
669;1;10
669;2;10
669;3;10
669;4;10
669;5;10
669;6;10
669;7;10
670;0;80
670;1;70
670;2;60
670;3;50
670;4;40
670;5;30
670;6;20
670;7;10
671;0;80
671;1;70
671;2;60
671;3;50
671;4;40
671;5;30
671;6;20
671;7;10
672;0;10
672;1;20
672;2;30
672;3;40
672;4;50
672;5;60
672;6;70
672;7;80
673;0;80
673;1;70
673;2;60
673;3;50
673;4;40
673;5;30
673;6;20
673;7;10
674;0;80
674;1;70
674;2;60
674;3;50
674;4;40
674;5;30
674;6;20
674;7;10
675;0;10
675;1;10
675;2;10
675;3;10
675;4;10
675;5;10
675;6;10
675;7;10
676;0;10
676;1;20
676;2;30
676;3;40
676;4;50
676;5;60
676;6;70
676;7;80
677;0;80
677;1;70
677;2;60
677;3;50
677;4;40
677;5;30
677;6;20
677;7;10
678;0;10
678;1;10
678;2;10
678;3;10
678;4;10
678;5;10
678;6;10
678;7;10
679;0;10
679;1;10
679;2;10
679;3;10
679;4;10
679;5;10
679;6;10
679;7;10
680;0;80
680;1;70
680;2;60
680;3;50
680;4;40
680;5;30
680;6;20
680;7;10
681;0;10
681;1;10
681;2;10
681;3;10
681;4;10
681;5;10
681;6;10
681;7;10
682;0;10
682;1;20
682;2;30
682;3;40
682;4;50
682;5;60
682;6;70
682;7;80
683;0;10
683;1;10
683;2;10
683;3;10
683;4;10
683;5;10
683;6;10
683;7;10
684;0;80
684;1;70
684;2;60
684;3;50
684;4;40
684;5;30
684;6;20
684;7;10
685;0;10
685;1;10
685;2;10
685;3;10
685;4;10
685;5;10
685;6;10
685;7;10
686;0;10
686;1;20
686;2;30
686;3;40
686;4;50
686;5;60
686;6;70
686;7;80
687;0;10
687;1;10
687;2;10
687;3;10
687;4;10
687;5;10
687;6;10
687;7;10
688;0;10
688;1;10
688;2;10
688;3;10
688;4;10
688;5;10
688;6;10
688;7;10
689;0;80
689;1;70
689;2;60
689;3;50
689;4;40
689;5;30
689;6;20
689;7;10
690;0;80
690;1;70
690;2;60
690;3;50
690;4;40
690;5;30
690;6;20
690;7;10
691;0;10
691;1;10
691;2;10
691;3;10
691;4;10
691;5;10
691;6;10
691;7;10
692;0;10
692;1;20
692;2;30
692;3;40
692;4;50
692;5;60
692;6;70
692;7;80
693;0;80
693;1;70
693;2;60
693;3;50
693;4;40
693;5;30
693;6;20
693;7;10
694;0;10
694;1;20
694;2;30
694;3;40
694;4;50
694;5;60
694;6;70
694;7;80
695;0;10
695;1;20
695;2;30
695;3;40
695;4;50
695;5;60
695;6;70
695;7;80
696;0;10
696;1;20
696;2;30
696;3;40
696;4;50
696;5;60
696;6;70
696;7;80
697;0;80
697;1;70
697;2;60
697;3;50
697;4;40
697;5;30
697;6;20
697;7;10
698;0;10
698;1;20
698;2;30
698;3;40
698;4;50
698;5;60
698;6;70
698;7;80
699;0;10
699;1;20
699;2;30
699;3;40
699;4;50
699;5;60
699;6;70
699;7;80
700;0;80
700;1;70
700;2;60
700;3;50
700;4;40
700;5;30
700;6;20
700;7;10
701;0;10
701;1;10
701;2;10
701;3;10
701;4;10
701;5;10
701;6;10
701;7;10
702;0;10
702;1;10
702;2;10
702;3;10
702;4;10
702;5;10
702;6;10
702;7;10
703;0;10
703;1;10
703;2;10
703;3;10
703;4;10
703;5;10
703;6;10
703;7;10
704;0;80
704;1;70
704;2;60
704;3;50
704;4;40
704;5;30
704;6;20
704;7;10
705;0;10
705;1;10
705;2;10
705;3;10
705;4;10
705;5;10
705;6;10
705;7;10
706;0;80
706;1;70
706;2;60
706;3;50
706;4;40
706;5;30
706;6;20
706;7;10
707;0;80
707;1;70
707;2;60
707;3;50
707;4;40
707;5;30
707;6;20
707;7;10
708;0;80
708;1;70
708;2;60
708;3;50
708;4;40
708;5;30
708;6;20
708;7;10
709;0;80
709;1;70
709;2;60
709;3;50
709;4;40
709;5;30
709;6;20
709;7;10
710;0;80
710;1;70
710;2;60
710;3;50
710;4;40
710;5;30
710;6;20
710;7;10
711;0;10
711;1;20
711;2;30
711;3;40
711;4;50
711;5;60
711;6;70
711;7;80
712;0;80
712;1;70
712;2;60
712;3;50
712;4;40
712;5;30
712;6;20
712;7;10
713;0;10
713;1;10
713;2;10
713;3;10
713;4;10
713;5;10
713;6;10
713;7;10
714;0;80
714;1;70
714;2;60
714;3;50
714;4;40
714;5;30
714;6;20
714;7;10
715;0;10
715;1;20
715;2;30
715;3;40
715;4;50
715;5;60
715;6;70
715;7;80
716;0;10
716;1;20
716;2;30
716;3;40
716;4;50
716;5;60
716;6;70
716;7;80
717;0;10
717;1;20
717;2;30
717;3;40
717;4;50
717;5;60
717;6;70
717;7;80
718;0;80
718;1;70
718;2;60
718;3;50
718;4;40
718;5;30
718;6;20
718;7;10
719;0;10
719;1;20
719;2;30
719;3;40
719;4;50
719;5;60
719;6;70
719;7;80
720;0;10
720;1;10
720;2;10
720;3;10
720;4;10
720;5;10
720;6;10
720;7;10
721;0;10
721;1;20
721;2;30
721;3;40
721;4;50
721;5;60
721;6;70
721;7;80
722;0;80
722;1;70
722;2;60
722;3;50
722;4;40
722;5;30
722;6;20
722;7;10
723;0;80
723;1;70
723;2;60
723;3;50
723;4;40
723;5;30
723;6;20
723;7;10
724;0;80
724;1;70
724;2;60
724;3;50
724;4;40
724;5;30
724;6;20
724;7;10
725;0;10
725;1;10
725;2;10
725;3;10
725;4;10
725;5;10
725;6;10
725;7;10
726;0;10
726;1;20
726;2;30
726;3;40
726;4;50
726;5;60
726;6;70
726;7;80
727;0;10
727;1;10
727;2;10
727;3;10
727;4;10
727;5;10
727;6;10
727;7;10
728;0;10
728;1;20
728;2;30
728;3;40
728;4;50
728;5;60
728;6;70
728;7;80
729;0;10
729;1;10
729;2;10
729;3;10
729;4;10
729;5;10
729;6;10
729;7;10
730;0;10
730;1;10
730;2;10
730;3;10
730;4;10
730;5;10
730;6;10
730;7;10
731;0;80
731;1;70
731;2;60
731;3;50
731;4;40
731;5;30
731;6;20
731;7;10
732;0;10
732;1;20
732;2;30
732;3;40
732;4;50
732;5;60
732;6;70
732;7;80
733;0;80
733;1;70
733;2;60
733;3;50
733;4;40
733;5;30
733;6;20
733;7;10
734;0;80
734;1;70
734;2;60
734;3;50
734;4;40
734;5;30
734;6;20
734;7;10
735;0;10
735;1;20
735;2;30
735;3;40
735;4;50
735;5;60
735;6;70
735;7;80
736;0;10
736;1;20
736;2;30
736;3;40
736;4;50
736;5;60
736;6;70
736;7;80
737;0;10
737;1;20
737;2;30
737;3;40
737;4;50
737;5;60
737;6;70
737;7;80
738;0;10
738;1;20
738;2;30
738;3;40
738;4;50
738;5;60
738;6;70
738;7;80
739;0;10
739;1;20
739;2;30
739;3;40
739;4;50
739;5;60
739;6;70
739;7;80
740;0;10
740;1;10
740;2;10
740;3;10
740;4;10
740;5;10
740;6;10
740;7;10
741;0;80
741;1;70
741;2;60
741;3;50
741;4;40
741;5;30
741;6;20
741;7;10
742;0;80
742;1;70
742;2;60
742;3;50
742;4;40
742;5;30
742;6;20
742;7;10
743;0;80
743;1;70
743;2;60
743;3;50
743;4;40
743;5;30
743;6;20
743;7;10
744;0;10
744;1;20
744;2;30
744;3;40
744;4;50
744;5;60
744;6;70
744;7;80
745;0;10
745;1;10
745;2;10
745;3;10
745;4;10
745;5;10
745;6;10
745;7;10
746;0;10
746;1;20
746;2;30
746;3;40
746;4;50
746;5;60
746;6;70
746;7;80
747;0;10
747;1;20
747;2;30
747;3;40
747;4;50
747;5;60
747;6;70
747;7;80
748;0;10
748;1;20
748;2;30
748;3;40
748;4;50
748;5;60
748;6;70
748;7;80
749;0;10
749;1;20
749;2;30
749;3;40
749;4;50
749;5;60
749;6;70
749;7;80
750;0;80
750;1;70
750;2;60
750;3;50
750;4;40
750;5;30
750;6;20
750;7;10
751;0;10
751;1;20
751;2;30
751;3;40
751;4;50
751;5;60
751;6;70
751;7;80
752;0;80
752;1;70
752;2;60
752;3;50
752;4;40
752;5;30
752;6;20
752;7;10
753;0;80
753;1;70
753;2;60
753;3;50
753;4;40
753;5;30
753;6;20
753;7;10
754;0;10
754;1;10
754;2;10
754;3;10
754;4;10
754;5;10
754;6;10
754;7;10
755;0;10
755;1;20
755;2;30
755;3;40
755;4;50
755;5;60
755;6;70
755;7;80
756;0;10
756;1;20
756;2;30
756;3;40
756;4;50
756;5;60
756;6;70
756;7;80
757;0;10
757;1;20
757;2;30
757;3;40
757;4;50
757;5;60
757;6;70
757;7;80
758;0;80
758;1;70
758;2;60
758;3;50
758;4;40
758;5;30
758;6;20
758;7;10
759;0;10
759;1;10
759;2;10
759;3;10
759;4;10
759;5;10
759;6;10
759;7;10
760;0;80
760;1;70
760;2;60
760;3;50
760;4;40
760;5;30
760;6;20
760;7;10
761;0;80
761;1;70
761;2;60
761;3;50
761;4;40
761;5;30
761;6;20
761;7;10
762;0;80
762;1;70
762;2;60
762;3;50
762;4;40
762;5;30
762;6;20
762;7;10
763;0;10
763;1;20
763;2;30
763;3;40
763;4;50
763;5;60
763;6;70
763;7;80
764;0;10
764;1;10
764;2;10
764;3;10
764;4;10
764;5;10
764;6;10
764;7;10
765;0;10
765;1;10
765;2;10
765;3;10
765;4;10
765;5;10
765;6;10
765;7;10
766;0;10
766;1;20
766;2;30
766;3;40
766;4;50
766;5;60
766;6;70
766;7;80
767;0;10
767;1;20
767;2;30
767;3;40
767;4;50
767;5;60
767;6;70
767;7;80
768;0;10
768;1;10
768;2;10
768;3;10
768;4;10
768;5;10
768;6;10
768;7;10
769;0;10
769;1;20
769;2;30
769;3;40
769;4;50
769;5;60
769;6;70
769;7;80
770;0;10
770;1;10
770;2;10
770;3;10
770;4;10
770;5;10
770;6;10
770;7;10
771;0;80
771;1;70
771;2;60
771;3;50
771;4;40
771;5;30
771;6;20
771;7;10
772;0;80
772;1;70
772;2;60
772;3;50
772;4;40
772;5;30
772;6;20
772;7;10
773;0;80
773;1;70
773;2;60
773;3;50
773;4;40
773;5;30
773;6;20
773;7;10
774;0;10
774;1;10
774;2;10
774;3;10
774;4;10
774;5;10
774;6;10
774;7;10
775;0;10
775;1;10
775;2;10
775;3;10
775;4;10
775;5;10
775;6;10
775;7;10
776;0;80
776;1;70
776;2;60
776;3;50
776;4;40
776;5;30
776;6;20
776;7;10
777;0;10
777;1;10
777;2;10
777;3;10
777;4;10
777;5;10
777;6;10
777;7;10
778;0;10
778;1;10
778;2;10
778;3;10
778;4;10
778;5;10
778;6;10
778;7;10
779;0;10
779;1;10
779;2;10
779;3;10
779;4;10
779;5;10
779;6;10
779;7;10
780;0;10
780;1;10
780;2;10
780;3;10
780;4;10
780;5;10
780;6;10
780;7;10
781;0;80
781;1;70
781;2;60
781;3;50
781;4;40
781;5;30
781;6;20
781;7;10
782;0;10
782;1;10
782;2;10
782;3;10
782;4;10
782;5;10
782;6;10
782;7;10
783;0;80
783;1;70
783;2;60
783;3;50
783;4;40
783;5;30
783;6;20
783;7;10
784;0;80
784;1;70
784;2;60
784;3;50
784;4;40
784;5;30
784;6;20
784;7;10
785;0;10
785;1;20
785;2;30
785;3;40
785;4;50
785;5;60
785;6;70
785;7;80
786;0;80
786;1;70
786;2;60
786;3;50
786;4;40
786;5;30
786;6;20
786;7;10
787;0;80
787;1;70
787;2;60
787;3;50
787;4;40
787;5;30
787;6;20
787;7;10
788;0;10
788;1;10
788;2;10
788;3;10
788;4;10
788;5;10
788;6;10
788;7;10
789;0;10
789;1;10
789;2;10
789;3;10
789;4;10
789;5;10
789;6;10
789;7;10
790;0;80
790;1;70
790;2;60
790;3;50
790;4;40
790;5;30
790;6;20
790;7;10
791;0;10
791;1;20
791;2;30
791;3;40
791;4;50
791;5;60
791;6;70
791;7;80
792;0;10
792;1;10
792;2;10
792;3;10
792;4;10
792;5;10
792;6;10
792;7;10
793;0;80
793;1;70
793;2;60
793;3;50
793;4;40
793;5;30
793;6;20
793;7;10
794;0;10
794;1;20
794;2;30
794;3;40
794;4;50
794;5;60
794;6;70
794;7;80
795;0;10
795;1;10
795;2;10
795;3;10
795;4;10
795;5;10
795;6;10
795;7;10
796;0;10
796;1;10
796;2;10
796;3;10
796;4;10
796;5;10
796;6;10
796;7;10
797;0;80
797;1;70
797;2;60
797;3;50
797;4;40
797;5;30
797;6;20
797;7;10
798;0;80
798;1;70
798;2;60
798;3;50
798;4;40
798;5;30
798;6;20
798;7;10
799;0;10
799;1;20
799;2;30
799;3;40
799;4;50
799;5;60
799;6;70
799;7;80
800;0;10
800;1;20
800;2;30
800;3;40
800;4;50
800;5;60
800;6;70
800;7;80
801;0;10
801;1;10
801;2;10
801;3;10
801;4;10
801;5;10
801;6;10
801;7;10
802;0;80
802;1;70
802;2;60
802;3;50
802;4;40
802;5;30
802;6;20
802;7;10
803;0;10
803;1;20
803;2;30
803;3;40
803;4;50
803;5;60
803;6;70
803;7;80
804;0;80
804;1;70
804;2;60
804;3;50
804;4;40
804;5;30
804;6;20
804;7;10
805;0;10
805;1;10
805;2;10
805;3;10
805;4;10
805;5;10
805;6;10
805;7;10
806;0;80
806;1;70
806;2;60
806;3;50
806;4;40
806;5;30
806;6;20
806;7;10
807;0;80
807;1;70
807;2;60
807;3;50
807;4;40
807;5;30
807;6;20
807;7;10
808;0;10
808;1;20
808;2;30
808;3;40
808;4;50
808;5;60
808;6;70
808;7;80
809;0;10
809;1;10
809;2;10
809;3;10
809;4;10
809;5;10
809;6;10
809;7;10
810;0;10
810;1;20
810;2;30
810;3;40
810;4;50
810;5;60
810;6;70
810;7;80
811;0;10
811;1;20
811;2;30
811;3;40
811;4;50
811;5;60
811;6;70
811;7;80
812;0;10
812;1;20
812;2;30
812;3;40
812;4;50
812;5;60
812;6;70
812;7;80
813;0;10
813;1;20
813;2;30
813;3;40
813;4;50
813;5;60
813;6;70
813;7;80
814;0;80
814;1;70
814;2;60
814;3;50
814;4;40
814;5;30
814;6;20
814;7;10
815;0;10
815;1;10
815;2;10
815;3;10
815;4;10
815;5;10
815;6;10
815;7;10
816;0;10
816;1;10
816;2;10
816;3;10
816;4;10
816;5;10
816;6;10
816;7;10
817;0;80
817;1;70
817;2;60
817;3;50
817;4;40
817;5;30
817;6;20
817;7;10
818;0;80
818;1;70
818;2;60
818;3;50
818;4;40
818;5;30
818;6;20
818;7;10
819;0;10
819;1;10
819;2;10
819;3;10
819;4;10
819;5;10
819;6;10
819;7;10
820;0;10
820;1;20
820;2;30
820;3;40
820;4;50
820;5;60
820;6;70
820;7;80
821;0;10
821;1;20
821;2;30
821;3;40
821;4;50
821;5;60
821;6;70
821;7;80
822;0;10
822;1;10
822;2;10
822;3;10
822;4;10
822;5;10
822;6;10
822;7;10
823;0;10
823;1;20
823;2;30
823;3;40
823;4;50
823;5;60
823;6;70
823;7;80
824;0;80
824;1;70
824;2;60
824;3;50
824;4;40
824;5;30
824;6;20
824;7;10
825;0;10
825;1;20
825;2;30
825;3;40
825;4;50
825;5;60
825;6;70
825;7;80
826;0;80
826;1;70
826;2;60
826;3;50
826;4;40
826;5;30
826;6;20
826;7;10
827;0;80
827;1;70
827;2;60
827;3;50
827;4;40
827;5;30
827;6;20
827;7;10
828;0;10
828;1;20
828;2;30
828;3;40
828;4;50
828;5;60
828;6;70
828;7;80
829;0;10
829;1;10
829;2;10
829;3;10
829;4;10
829;5;10
829;6;10
829;7;10
830;0;10
830;1;20
830;2;30
830;3;40
830;4;50
830;5;60
830;6;70
830;7;80
831;0;80
831;1;70
831;2;60
831;3;50
831;4;40
831;5;30
831;6;20
831;7;10
832;0;80
832;1;70
832;2;60
832;3;50
832;4;40
832;5;30
832;6;20
832;7;10
833;0;10
833;1;10
833;2;10
833;3;10
833;4;10
833;5;10
833;6;10
833;7;10
834;0;10
834;1;10
834;2;10
834;3;10
834;4;10
834;5;10
834;6;10
834;7;10
835;0;80
835;1;70
835;2;60
835;3;50
835;4;40
835;5;30
835;6;20
835;7;10
836;0;10
836;1;10
836;2;10
836;3;10
836;4;10
836;5;10
836;6;10
836;7;10
837;0;80
837;1;70
837;2;60
837;3;50
837;4;40
837;5;30
837;6;20
837;7;10
838;0;80
838;1;70
838;2;60
838;3;50
838;4;40
838;5;30
838;6;20
838;7;10
839;0;10
839;1;10
839;2;10
839;3;10
839;4;10
839;5;10
839;6;10
839;7;10
840;0;80
840;1;70
840;2;60
840;3;50
840;4;40
840;5;30
840;6;20
840;7;10
841;0;10
841;1;10
841;2;10
841;3;10
841;4;10
841;5;10
841;6;10
841;7;10
842;0;80
842;1;70
842;2;60
842;3;50
842;4;40
842;5;30
842;6;20
842;7;10
843;0;10
843;1;10
843;2;10
843;3;10
843;4;10
843;5;10
843;6;10
843;7;10
844;0;10
844;1;20
844;2;30
844;3;40
844;4;50
844;5;60
844;6;70
844;7;80
845;0;10
845;1;10
845;2;10
845;3;10
845;4;10
845;5;10
845;6;10
845;7;10
846;0;80
846;1;70
846;2;60
846;3;50
846;4;40
846;5;30
846;6;20
846;7;10
847;0;10
847;1;10
847;2;10
847;3;10
847;4;10
847;5;10
847;6;10
847;7;10
848;0;80
848;1;70
848;2;60
848;3;50
848;4;40
848;5;30
848;6;20
848;7;10
849;0;80
849;1;70
849;2;60
849;3;50
849;4;40
849;5;30
849;6;20
849;7;10
850;0;10
850;1;10
850;2;10
850;3;10
850;4;10
850;5;10
850;6;10
850;7;10
851;0;10
851;1;10
851;2;10
851;3;10
851;4;10
851;5;10
851;6;10
851;7;10
852;0;10
852;1;20
852;2;30
852;3;40
852;4;50
852;5;60
852;6;70
852;7;80
853;0;10
853;1;20
853;2;30
853;3;40
853;4;50
853;5;60
853;6;70
853;7;80
854;0;80
854;1;70
854;2;60
854;3;50
854;4;40
854;5;30
854;6;20
854;7;10
855;0;10
855;1;10
855;2;10
855;3;10
855;4;10
855;5;10
855;6;10
855;7;10
856;0;10
856;1;10
856;2;10
856;3;10
856;4;10
856;5;10
856;6;10
856;7;10
857;0;80
857;1;70
857;2;60
857;3;50
857;4;40
857;5;30
857;6;20
857;7;10
858;0;10
858;1;10
858;2;10
858;3;10
858;4;10
858;5;10
858;6;10
858;7;10
859;0;10
859;1;10
859;2;10
859;3;10
859;4;10
859;5;10
859;6;10
859;7;10
860;0;10
860;1;20
860;2;30
860;3;40
860;4;50
860;5;60
860;6;70
860;7;80
861;0;10
861;1;20
861;2;30
861;3;40
861;4;50
861;5;60
861;6;70
861;7;80
862;0;10
862;1;20
862;2;30
862;3;40
862;4;50
862;5;60
862;6;70
862;7;80
863;0;10
863;1;20
863;2;30
863;3;40
863;4;50
863;5;60
863;6;70
863;7;80
864;0;10
864;1;10
864;2;10
864;3;10
864;4;10
864;5;10
864;6;10
864;7;10
865;0;10
865;1;10
865;2;10
865;3;10
865;4;10
865;5;10
865;6;10
865;7;10
866;0;80
866;1;70
866;2;60
866;3;50
866;4;40
866;5;30
866;6;20
866;7;10
867;0;10
867;1;20
867;2;30
867;3;40
867;4;50
867;5;60
867;6;70
867;7;80
868;0;80
868;1;70
868;2;60
868;3;50
868;4;40
868;5;30
868;6;20
868;7;10
869;0;10
869;1;20
869;2;30
869;3;40
869;4;50
869;5;60
869;6;70
869;7;80
870;0;10
870;1;20
870;2;30
870;3;40
870;4;50
870;5;60
870;6;70
870;7;80
871;0;10
871;1;10
871;2;10
871;3;10
871;4;10
871;5;10
871;6;10
871;7;10
872;0;10
872;1;10
872;2;10
872;3;10
872;4;10
872;5;10
872;6;10
872;7;10
873;0;10
873;1;10
873;2;10
873;3;10
873;4;10
873;5;10
873;6;10
873;7;10
874;0;10
874;1;10
874;2;10
874;3;10
874;4;10
874;5;10
874;6;10
874;7;10
875;0;80
875;1;70
875;2;60
875;3;50
875;4;40
875;5;30
875;6;20
875;7;10
876;0;10
876;1;20
876;2;30
876;3;40
876;4;50
876;5;60
876;6;70
876;7;80
877;0;80
877;1;70
877;2;60
877;3;50
877;4;40
877;5;30
877;6;20
877;7;10
878;0;80
878;1;70
878;2;60
878;3;50
878;4;40
878;5;30
878;6;20
878;7;10
879;0;10
879;1;20
879;2;30
879;3;40
879;4;50
879;5;60
879;6;70
879;7;80
880;0;80
880;1;70
880;2;60
880;3;50
880;4;40
880;5;30
880;6;20
880;7;10
881;0;80
881;1;70
881;2;60
881;3;50
881;4;40
881;5;30
881;6;20
881;7;10
882;0;10
882;1;10
882;2;10
882;3;10
882;4;10
882;5;10
882;6;10
882;7;10
883;0;10
883;1;20
883;2;30
883;3;40
883;4;50
883;5;60
883;6;70
883;7;80
884;0;80
884;1;70
884;2;60
884;3;50
884;4;40
884;5;30
884;6;20
884;7;10
885;0;10
885;1;10
885;2;10
885;3;10
885;4;10
885;5;10
885;6;10
885;7;10
886;0;80
886;1;70
886;2;60
886;3;50
886;4;40
886;5;30
886;6;20
886;7;10
887;0;10
887;1;20
887;2;30
887;3;40
887;4;50
887;5;60
887;6;70
887;7;80
888;0;80
888;1;70
888;2;60
888;3;50
888;4;40
888;5;30
888;6;20
888;7;10
889;0;10
889;1;20
889;2;30
889;3;40
889;4;50
889;5;60
889;6;70
889;7;80
890;0;10
890;1;20
890;2;30
890;3;40
890;4;50
890;5;60
890;6;70
890;7;80
891;0;10
891;1;20
891;2;30
891;3;40
891;4;50
891;5;60
891;6;70
891;7;80
892;0;10
892;1;10
892;2;10
892;3;10
892;4;10
892;5;10
892;6;10
892;7;10
893;0;10
893;1;10
893;2;10
893;3;10
893;4;10
893;5;10
893;6;10
893;7;10
894;0;10
894;1;20
894;2;30
894;3;40
894;4;50
894;5;60
894;6;70
894;7;80
895;0;10
895;1;20
895;2;30
895;3;40
895;4;50
895;5;60
895;6;70
895;7;80
896;0;80
896;1;70
896;2;60
896;3;50
896;4;40
896;5;30
896;6;20
896;7;10
897;0;10
897;1;10
897;2;10
897;3;10
897;4;10
897;5;10
897;6;10
897;7;10
898;0;10
898;1;10
898;2;10
898;3;10
898;4;10
898;5;10
898;6;10
898;7;10
899;0;10
899;1;20
899;2;30
899;3;40
899;4;50
899;5;60
899;6;70
899;7;80
900;0;10
900;1;10
900;2;10
900;3;10
900;4;10
900;5;10
900;6;10
900;7;10
901;0;10
901;1;20
901;2;30
901;3;40
901;4;50
901;5;60
901;6;70
901;7;80
902;0;10
902;1;20
902;2;30
902;3;40
902;4;50
902;5;60
902;6;70
902;7;80
903;0;10
903;1;10
903;2;10
903;3;10
903;4;10
903;5;10
903;6;10
903;7;10
904;0;10
904;1;20
904;2;30
904;3;40
904;4;50
904;5;60
904;6;70
904;7;80
905;0;80
905;1;70
905;2;60
905;3;50
905;4;40
905;5;30
905;6;20
905;7;10
906;0;80
906;1;70
906;2;60
906;3;50
906;4;40
906;5;30
906;6;20
906;7;10
907;0;10
907;1;20
907;2;30
907;3;40
907;4;50
907;5;60
907;6;70
907;7;80
908;0;10
908;1;20
908;2;30
908;3;40
908;4;50
908;5;60
908;6;70
908;7;80
909;0;80
909;1;70
909;2;60
909;3;50
909;4;40
909;5;30
909;6;20
909;7;10
910;0;80
910;1;70
910;2;60
910;3;50
910;4;40
910;5;30
910;6;20
910;7;10
911;0;80
911;1;70
911;2;60
911;3;50
911;4;40
911;5;30
911;6;20
911;7;10
912;0;80
912;1;70
912;2;60
912;3;50
912;4;40
912;5;30
912;6;20
912;7;10
913;0;10
913;1;20
913;2;30
913;3;40
913;4;50
913;5;60
913;6;70
913;7;80
914;0;10
914;1;10
914;2;10
914;3;10
914;4;10
914;5;10
914;6;10
914;7;10
915;0;10
915;1;20
915;2;30
915;3;40
915;4;50
915;5;60
915;6;70
915;7;80
916;0;80
916;1;70
916;2;60
916;3;50
916;4;40
916;5;30
916;6;20
916;7;10
917;0;10
917;1;20
917;2;30
917;3;40
917;4;50
917;5;60
917;6;70
917;7;80
918;0;80
918;1;70
918;2;60
918;3;50
918;4;40
918;5;30
918;6;20
918;7;10
919;0;10
919;1;20
919;2;30
919;3;40
919;4;50
919;5;60
919;6;70
919;7;80
920;0;80
920;1;70
920;2;60
920;3;50
920;4;40
920;5;30
920;6;20
920;7;10
921;0;10
921;1;20
921;2;30
921;3;40
921;4;50
921;5;60
921;6;70
921;7;80
922;0;10
922;1;10
922;2;10
922;3;10
922;4;10
922;5;10
922;6;10
922;7;10
923;0;80
923;1;70
923;2;60
923;3;50
923;4;40
923;5;30
923;6;20
923;7;10
924;0;10
924;1;10
924;2;10
924;3;10
924;4;10
924;5;10
924;6;10
924;7;10
925;0;10
925;1;10
925;2;10
925;3;10
925;4;10
925;5;10
925;6;10
925;7;10
926;0;80
926;1;70
926;2;60
926;3;50
926;4;40
926;5;30
926;6;20
926;7;10
927;0;80
927;1;70
927;2;60
927;3;50
927;4;40
927;5;30
927;6;20
927;7;10
928;0;10
928;1;20
928;2;30
928;3;40
928;4;50
928;5;60
928;6;70
928;7;80
929;0;10
929;1;10
929;2;10
929;3;10
929;4;10
929;5;10
929;6;10
929;7;10
930;0;80
930;1;70
930;2;60
930;3;50
930;4;40
930;5;30
930;6;20
930;7;10
931;0;80
931;1;70
931;2;60
931;3;50
931;4;40
931;5;30
931;6;20
931;7;10
932;0;10
932;1;10
932;2;10
932;3;10
932;4;10
932;5;10
932;6;10
932;7;10
933;0;10
933;1;10
933;2;10
933;3;10
933;4;10
933;5;10
933;6;10
933;7;10
934;0;10
934;1;10
934;2;10
934;3;10
934;4;10
934;5;10
934;6;10
934;7;10
935;0;10
935;1;20
935;2;30
935;3;40
935;4;50
935;5;60
935;6;70
935;7;80
936;0;10
936;1;10
936;2;10
936;3;10
936;4;10
936;5;10
936;6;10
936;7;10
937;0;10
937;1;20
937;2;30
937;3;40
937;4;50
937;5;60
937;6;70
937;7;80
938;0;10
938;1;10
938;2;10
938;3;10
938;4;10
938;5;10
938;6;10
938;7;10
939;0;10
939;1;20
939;2;30
939;3;40
939;4;50
939;5;60
939;6;70
939;7;80
940;0;80
940;1;70
940;2;60
940;3;50
940;4;40
940;5;30
940;6;20
940;7;10
941;0;10
941;1;20
941;2;30
941;3;40
941;4;50
941;5;60
941;6;70
941;7;80
942;0;80
942;1;70
942;2;60
942;3;50
942;4;40
942;5;30
942;6;20
942;7;10
943;0;10
943;1;10
943;2;10
943;3;10
943;4;10
943;5;10
943;6;10
943;7;10
944;0;10
944;1;20
944;2;30
944;3;40
944;4;50
944;5;60
944;6;70
944;7;80
945;0;10
945;1;10
945;2;10
945;3;10
945;4;10
945;5;10
945;6;10
945;7;10
946;0;80
946;1;70
946;2;60
946;3;50
946;4;40
946;5;30
946;6;20
946;7;10
947;0;80
947;1;70
947;2;60
947;3;50
947;4;40
947;5;30
947;6;20
947;7;10
948;0;10
948;1;10
948;2;10
948;3;10
948;4;10
948;5;10
948;6;10
948;7;10
949;0;80
949;1;70
949;2;60
949;3;50
949;4;40
949;5;30
949;6;20
949;7;10
950;0;10
950;1;20
950;2;30
950;3;40
950;4;50
950;5;60
950;6;70
950;7;80
951;0;10
951;1;20
951;2;30
951;3;40
951;4;50
951;5;60
951;6;70
951;7;80
952;0;80
952;1;70
952;2;60
952;3;50
952;4;40
952;5;30
952;6;20
952;7;10
953;0;10
953;1;10
953;2;10
953;3;10
953;4;10
953;5;10
953;6;10
953;7;10
954;0;80
954;1;70
954;2;60
954;3;50
954;4;40
954;5;30
954;6;20
954;7;10
955;0;10
955;1;20
955;2;30
955;3;40
955;4;50
955;5;60
955;6;70
955;7;80
956;0;80
956;1;70
956;2;60
956;3;50
956;4;40
956;5;30
956;6;20
956;7;10
957;0;10
957;1;20
957;2;30
957;3;40
957;4;50
957;5;60
957;6;70
957;7;80
958;0;80
958;1;70
958;2;60
958;3;50
958;4;40
958;5;30
958;6;20
958;7;10
959;0;10
959;1;20
959;2;30
959;3;40
959;4;50
959;5;60
959;6;70
959;7;80
960;0;10
960;1;20
960;2;30
960;3;40
960;4;50
960;5;60
960;6;70
960;7;80
961;0;80
961;1;70
961;2;60
961;3;50
961;4;40
961;5;30
961;6;20
961;7;10
962;0;80
962;1;70
962;2;60
962;3;50
962;4;40
962;5;30
962;6;20
962;7;10
963;0;80
963;1;70
963;2;60
963;3;50
963;4;40
963;5;30
963;6;20
963;7;10
964;0;10
964;1;10
964;2;10
964;3;10
964;4;10
964;5;10
964;6;10
964;7;10
965;0;80
965;1;70
965;2;60
965;3;50
965;4;40
965;5;30
965;6;20
965;7;10
966;0;80
966;1;70
966;2;60
966;3;50
966;4;40
966;5;30
966;6;20
966;7;10
967;0;10
967;1;20
967;2;30
967;3;40
967;4;50
967;5;60
967;6;70
967;7;80
968;0;10
968;1;20
968;2;30
968;3;40
968;4;50
968;5;60
968;6;70
968;7;80
969;0;10
969;1;10
969;2;10
969;3;10
969;4;10
969;5;10
969;6;10
969;7;10
970;0;10
970;1;10
970;2;10
970;3;10
970;4;10
970;5;10
970;6;10
970;7;10
971;0;10
971;1;10
971;2;10
971;3;10
971;4;10
971;5;10
971;6;10
971;7;10
