800;400;1914
0;0;50
1;0;10
1;1;100
1;3;100
2;0;100
2;4;100
2;6;100
3;1;100
3;2;100
3;3;70
3;7;10
3;9;10
4;2;50
4;3;50
4;10;10
4;12;50
5;2;10
5;3;50
5;13;10
5;15;10
6;4;10
6;5;10
6;6;100
6;16;100
6;18;70
7;5;100
7;6;70
7;19;70
7;21;100
8;5;10
8;6;100
8;22;70
8;24;70
9;7;100
9;8;70
9;9;70
9;25;10
9;27;10
10;8;50
10;9;70
10;28;100
10;30;50
11;8;10
11;9;70
11;31;50
11;33;70
12;8;100
12;9;100
12;34;10
12;36;50
13;10;100
13;11;50
13;12;50
13;37;10
13;39;100
14;11;100
14;12;70
14;40;50
14;42;50
15;11;100
15;12;10
15;43;100
15;45;100
16;11;50
16;12;50
16;46;50
16;48;100
17;13;10
17;14;50
17;15;70
17;49;10
17;51;10
18;14;70
18;15;100
18;52;70
18;54;100
19;14;70
19;15;70
19;55;50
19;57;100
20;14;70
20;15;100
20;58;70
20;60;10
21;16;100
21;17;50
21;18;10
21;61;50
21;63;10
22;17;100
22;18;10
22;64;50
22;66;70
23;17;50
23;18;100
23;67;70
23;69;70
24;17;100
24;18;70
24;70;100
24;72;10
25;19;50
25;20;50
25;21;50
25;73;70
25;75;50
26;20;70
26;21;10
26;76;50
26;78;50
27;20;70
27;21;10
27;79;70
27;81;50
28;20;70
28;21;50
28;82;70
28;84;50
29;22;50
29;23;70
29;24;70
29;85;100
29;87;100
30;23;100
30;24;50
30;88;100
30;90;70
31;23;70
31;24;50
31;91;10
31;93;10
32;23;10
32;24;50
32;94;10
32;96;100
33;25;70
33;26;50
33;27;10
33;97;10
33;99;10
34;26;100
34;27;10
34;100;70
34;102;50
35;26;100
35;27;10
35;103;10
35;105;70
36;26;10
36;27;100
36;106;70
36;108;100
37;26;50
37;27;70
37;109;100
37;111;70
38;28;50
38;29;70
38;30;100
38;112;10
38;114;50
39;29;10
39;30;10
39;115;100
39;117;70
40;29;10
40;30;100
40;118;50
40;120;100
41;29;100
41;30;50
41;121;100
41;123;70
42;29;10
42;30;100
42;124;100
42;126;50
43;31;10
43;32;70
43;33;100
43;127;10
43;129;50
44;32;70
44;33;50
44;130;100
44;132;70
45;32;70
45;33;100
45;133;50
45;135;50
46;32;70
46;33;50
46;136;70
46;138;100
47;32;50
47;33;100
47;139;70
47;141;50
48;34;70
48;35;50
48;36;10
48;142;70
48;144;70
49;35;100
49;36;100
49;145;70
49;147;10
50;35;10
50;36;70
50;148;10
50;150;10
51;35;50
51;36;100
51;151;70
51;153;70
52;35;70
52;36;50
52;154;10
52;156;100
53;37;10
53;38;100
53;39;70
53;157;70
53;159;100
54;38;70
54;39;70
54;160;70
54;162;10
55;38;70
55;39;10
55;163;10
55;165;10
56;38;10
56;39;100
56;166;10
56;168;50
57;38;10
57;39;70
57;169;10
57;171;70
58;40;70
58;41;100
58;42;50
58;172;70
58;174;100
59;41;10
59;42;10
59;175;70
59;177;70
60;41;10
60;42;100
60;178;50
60;180;70
61;41;50
61;42;70
61;181;100
61;183;10
62;41;50
62;42;50
62;184;70
62;186;50
63;43;70
63;44;70
63;45;100
63;187;50
63;189;10
64;44;100
64;45;50
64;190;10
64;192;70
65;44;70
65;45;100
65;193;70
65;195;70
66;44;50
66;45;50
66;196;100
66;198;70
67;44;10
67;45;70
67;199;10
67;201;70
68;46;50
68;47;70
68;48;10
68;202;50
68;204;70
69;47;70
69;48;50
69;205;10
69;207;10
70;47;100
70;48;70
70;208;50
70;210;70
71;47;70
71;48;50
71;211;50
71;213;10
72;47;70
72;48;100
72;214;10
72;216;100
73;49;50
73;50;100
73;51;10
73;217;50
73;219;70
74;50;10
74;51;70
74;220;50
74;222;70
75;50;70
75;51;70
75;223;50
75;225;70
76;50;100
76;51;70
76;226;100
76;228;70
77;50;10
77;51;70
77;229;70
77;231;50
78;52;10
78;53;70
78;54;50
78;232;70
78;234;10
79;53;70
79;54;70
79;235;100
79;237;50
80;53;10
80;54;100
80;238;10
80;240;100
81;53;100
81;54;50
81;241;100
81;243;70
82;53;100
82;54;50
82;244;10
82;246;100
83;55;10
83;56;10
83;57;100
83;247;50
83;249;70
84;56;100
84;57;10
84;250;10
84;252;10
85;56;100
85;57;50
85;253;10
85;255;10
86;56;100
86;57;70
86;256;70
86;258;50
87;56;100
87;57;50
87;259;10
87;261;10
88;58;100
88;59;50
88;60;70
88;262;10
88;264;10
89;59;50
89;60;100
89;265;50
89;267;50
90;59;10
90;60;10
90;268;50
90;270;100
91;59;70
91;60;50
91;271;10
91;273;70
92;59;70
92;60;100
92;274;70
92;276;10
93;61;70
93;62;70
93;63;50
93;277;100
93;279;10
94;62;50
94;63;10
94;280;70
94;282;50
95;62;50
95;63;100
95;283;100
95;285;70
96;62;70
96;63;10
96;286;50
96;288;100
97;62;10
97;63;70
97;289;10
97;291;50
98;64;100
98;65;50
98;66;10
98;292;70
98;294;10
99;65;100
99;66;70
99;295;70
99;297;50
100;65;100
100;66;50
100;298;70
100;300;70
101;65;70
101;66;100
101;301;70
101;303;100
102;65;70
102;66;50
102;304;10
102;306;100
103;67;10
103;68;70
103;69;100
103;307;10
103;309;10
104;68;70
104;69;50
104;310;70
104;312;10
105;68;70
105;69;70
105;313;50
105;315;50
106;68;50
106;69;100
106;316;10
106;318;10
107;68;50
107;69;10
107;319;10
107;321;70
108;70;100
108;71;100
108;72;100
108;322;50
108;324;10
109;71;50
109;72;10
109;325;70
109;327;50
110;71;50
110;72;10
110;328;70
110;330;50
111;71;50
111;72;100
111;331;50
111;333;10
112;71;50
112;72;100
112;334;100
112;336;10
113;73;10
113;74;100
113;75;10
113;337;10
113;339;70
114;74;70
114;75;10
114;340;70
114;342;10
115;74;70
115;75;50
115;343;10
115;345;10
116;74;10
116;75;70
116;346;70
116;348;10
117;74;100
117;75;70
117;349;70
117;351;70
118;76;50
118;77;70
118;78;70
118;352;10
118;354;50
119;77;50
119;78;10
119;355;10
119;357;10
120;77;10
120;78;10
120;358;50
120;360;10
121;77;50
121;78;10
121;361;10
121;363;50
122;77;50
122;78;50
122;364;100
122;366;50
123;79;10
123;80;10
123;81;10
123;367;70
123;369;50
124;80;100
124;81;100
124;370;100
124;372;50
125;80;70
125;81;70
125;373;100
125;375;100
126;80;10
126;81;70
126;376;100
126;378;70
127;80;70
127;81;50
127;379;50
127;381;70
128;82;100
128;83;50
128;84;50
128;382;50
128;384;70
129;83;100
129;84;50
129;385;50
129;387;100
130;83;70
130;84;100
130;388;50
130;390;100
131;83;100
131;84;50
131;391;100
131;393;100
132;83;10
132;84;70
132;394;50
132;396;10
133;85;100
133;86;100
133;87;100
133;397;50
133;399;70
134;86;50
134;87;50
135;86;100
135;87;10
136;86;100
136;87;70
137;86;70
137;87;100
138;88;50
138;89;10
138;90;70
139;89;70
139;90;10
140;89;10
140;90;10
141;89;70
141;90;50
142;89;50
142;90;100
143;91;100
143;92;100
143;93;100
144;92;50
144;93;70
145;92;10
145;93;10
146;92;70
146;93;10
147;92;100
147;93;10
148;94;50
148;95;10
148;96;50
149;95;70
149;96;10
150;95;70
150;96;50
151;95;10
151;96;50
152;95;50
152;96;70
153;97;10
153;98;100
153;99;100
154;98;100
154;99;10
155;98;10
155;99;70
156;98;10
156;99;100
157;98;70
157;99;10
158;98;100
158;99;50
159;100;70
159;101;100
159;102;70
160;101;100
160;102;10
161;101;50
161;102;10
162;101;10
162;102;10
163;101;70
163;102;100
164;101;50
164;102;10
165;103;100
165;104;100
165;105;70
166;104;10
166;105;100
167;104;100
167;105;50
168;104;70
168;105;50
169;104;100
169;105;50
170;104;70
170;105;100
171;106;10
171;107;50
171;108;10
172;107;50
172;108;100
173;107;50
173;108;70
174;107;50
174;108;50
175;107;70
175;108;100
176;107;10
176;108;50
177;109;10
177;110;10
177;111;50
178;110;70
178;111;70
179;110;50
179;111;10
180;110;10
180;111;50
181;110;70
181;111;100
182;110;10
182;111;100
183;112;70
183;113;10
183;114;70
184;113;70
184;114;50
185;113;70
185;114;100
186;113;100
186;114;100
187;113;10
187;114;70
188;113;10
188;114;10
189;115;70
189;116;10
189;117;50
190;116;50
190;117;100
191;116;100
191;117;10
192;116;70
192;117;70
193;116;70
193;117;10
194;116;100
194;117;100
195;118;70
195;119;100
195;120;70
196;119;100
196;120;70
197;119;10
197;120;50
198;119;70
198;120;50
199;119;100
199;120;100
200;119;10
200;120;70
201;121;10
201;122;70
201;123;50
202;122;100
202;123;10
203;122;100
203;123;50
204;122;50
204;123;100
205;122;70
205;123;10
206;122;10
206;123;100
207;124;50
207;125;50
207;126;70
208;125;100
208;126;50
209;125;70
209;126;100
210;125;50
210;126;70
211;125;50
211;126;10
212;125;70
212;126;50
213;127;100
213;128;10
213;129;50
214;128;10
214;129;100
215;128;70
215;129;100
216;128;100
216;129;50
217;128;100
217;129;100
218;128;100
218;129;70
219;130;70
219;131;10
219;132;10
220;131;70
220;132;100
221;131;100
221;132;50
222;131;100
222;132;70
223;131;100
223;132;50
224;131;50
224;132;70
225;133;100
225;134;50
225;135;100
226;134;50
226;135;70
227;134;50
227;135;100
228;134;70
228;135;10
229;134;100
229;135;100
230;134;100
230;135;70
231;136;10
231;137;50
231;138;100
232;137;100
232;138;10
233;137;10
233;138;10
234;137;50
234;138;50
235;137;10
235;138;10
236;137;50
236;138;10
237;139;70
237;140;50
237;141;100
238;140;10
238;141;100
239;140;50
239;141;70
240;140;10
240;141;10
241;140;10
241;141;10
242;140;10
242;141;100
243;142;50
243;143;50
243;144;10
244;143;10
244;144;100
245;143;100
245;144;50
246;143;50
246;144;70
247;143;70
247;144;50
248;143;50
248;144;50
249;145;10
249;146;70
249;147;50
250;146;70
250;147;10
251;146;10
251;147;100
252;146;100
252;147;70
253;146;10
253;147;10
254;146;10
254;147;100
255;148;10
255;149;50
255;150;70
256;149;70
256;150;100
257;149;100
257;150;100
258;149;70
258;150;50
259;149;100
259;150;50
260;149;70
260;150;100
261;151;10
261;152;100
261;153;50
262;152;50
262;153;100
263;152;50
263;153;50
264;152;10
264;153;70
265;152;70
265;153;70
266;152;100
266;153;70
267;154;100
267;155;70
267;156;100
268;155;70
268;156;70
269;155;50
269;156;50
270;155;50
270;156;70
271;155;100
271;156;50
272;155;10
272;156;10
273;157;10
273;158;50
273;159;10
274;158;100
274;159;70
275;158;100
275;159;50
276;158;70
276;159;70
277;158;10
277;159;10
278;158;10
278;159;70
279;160;70
279;161;10
279;162;10
280;161;100
280;162;10
281;161;100
281;162;70
282;161;100
282;162;100
283;161;70
283;162;100
284;161;10
284;162;100
285;163;50
285;164;50
285;165;100
286;164;50
286;165;70
287;164;100
287;165;100
288;164;50
288;165;70
289;164;100
289;165;10
290;164;10
290;165;10
291;166;70
291;167;50
291;168;100
292;167;100
292;168;100
293;167;50
293;168;50
294;167;10
294;168;10
295;167;10
295;168;10
296;167;50
296;168;100
297;169;10
297;170;100
297;171;10
298;170;100
298;171;70
299;170;100
299;171;10
300;170;100
300;171;100
301;170;100
301;171;10
302;170;70
302;171;100
303;172;50
303;173;100
303;174;70
304;173;100
304;174;10
305;173;70
305;174;50
306;173;10
306;174;70
307;173;70
307;174;50
308;173;50
308;174;50
309;175;100
309;176;50
309;177;100
310;176;100
310;177;70
311;176;70
311;177;50
312;176;100
312;177;50
313;176;100
313;177;10
314;176;10
314;177;10
315;178;100
315;179;10
315;180;10
316;179;70
316;180;70
317;179;10
317;180;100
318;179;10
318;180;100
319;179;100
319;180;10
320;179;70
320;180;50
321;181;50
321;182;70
321;183;70
322;182;100
322;183;10
323;182;50
323;183;100
324;182;70
324;183;70
325;182;100
325;183;50
326;182;100
326;183;10
327;184;70
327;185;100
327;186;10
328;185;50
328;186;10
329;185;100
329;186;10
330;185;100
330;186;70
331;185;100
331;186;10
332;185;50
332;186;10
333;187;10
333;188;100
333;189;70
334;188;50
334;189;50
335;188;50
335;189;50
336;188;50
336;189;70
337;188;70
337;189;50
338;188;100
338;189;70
339;190;50
339;191;10
339;192;50
340;191;50
340;192;10
341;191;70
341;192;10
342;191;50
342;192;100
343;191;50
343;192;10
344;191;10
344;192;50
345;193;100
345;194;70
345;195;70
346;194;10
346;195;10
347;194;50
347;195;10
348;194;70
348;195;10
349;194;50
349;195;50
350;194;100
350;195;50
351;196;50
351;197;70
351;198;70
352;197;70
352;198;100
353;197;70
353;198;70
354;197;10
354;198;10
355;197;100
355;198;100
356;197;70
356;198;70
357;199;10
357;200;100
357;201;10
358;200;70
358;201;100
359;200;50
359;201;10
360;200;10
360;201;10
361;200;10
361;201;10
362;200;50
362;201;100
363;202;70
363;203;50
363;204;70
364;203;50
364;204;50
365;203;50
365;204;50
366;203;100
366;204;70
367;203;100
367;204;70
368;203;50
368;204;70
369;205;100
369;206;100
369;207;70
370;206;100
370;207;100
371;206;10
371;207;70
372;206;50
372;207;100
373;206;10
373;207;50
374;206;70
374;207;100
375;208;100
375;209;10
375;210;70
376;209;10
376;210;100
377;209;50
377;210;10
378;209;10
378;210;100
379;209;100
379;210;70
380;209;10
380;210;100
381;211;70
381;212;70
381;213;70
382;212;100
382;213;100
383;212;100
383;213;10
384;212;70
384;213;10
385;212;10
385;213;50
386;212;70
386;213;70
387;214;70
387;215;70
387;216;10
388;215;70
388;216;50
389;215;100
389;216;70
390;215;10
390;216;50
391;215;70
391;216;70
392;215;100
392;216;70
393;217;50
393;218;100
393;219;70
394;218;70
394;219;10
395;218;10
395;219;50
396;218;10
396;219;50
397;218;70
397;219;50
398;218;10
398;219;10
399;220;10
399;221;70
399;222;100
400;221;10
400;222;100
401;221;10
401;222;50
402;221;10
402;222;10
403;221;70
403;222;70
404;221;100
404;222;10
405;223;70
405;224;10
405;225;50
406;224;10
406;225;50
407;224;10
407;225;50
408;224;50
408;225;70
409;224;70
409;225;50
410;224;50
410;225;70
411;226;70
411;227;70
411;228;70
412;227;10
412;228;10
413;227;100
413;228;100
414;227;100
414;228;70
415;227;50
415;228;100
416;227;50
416;228;70
417;229;10
417;230;100
417;231;100
418;230;70
418;231;100
419;230;50
419;231;100
420;230;100
420;231;50
421;230;10
421;231;70
422;230;10
422;231;50
423;232;100
423;233;10
423;234;50
424;233;70
424;234;100
425;233;50
425;234;70
426;233;70
426;234;70
427;233;10
427;234;10
428;233;70
428;234;10
429;235;50
429;236;70
429;237;10
430;236;10
430;237;100
431;236;10
431;237;50
432;236;100
432;237;50
433;236;50
433;237;70
434;236;100
434;237;70
435;238;100
435;239;50
435;240;10
436;239;70
436;240;100
437;239;100
437;240;50
438;239;70
438;240;50
439;239;70
439;240;10
440;239;50
440;240;50
441;241;70
441;242;100
441;243;70
442;242;50
442;243;50
443;242;10
443;243;70
444;242;50
444;243;100
445;242;100
445;243;70
446;242;50
446;243;100
447;244;10
447;245;50
447;246;70
448;245;70
448;246;10
449;245;70
449;246;10
450;245;10
450;246;70
451;245;50
451;246;10
452;245;100
452;246;100
453;247;100
453;248;100
453;249;10
454;248;50
454;249;10
455;248;100
455;249;50
456;248;100
456;249;50
457;248;10
457;249;100
458;248;70
458;249;10
459;250;70
459;251;50
459;252;50
460;251;100
460;252;70
461;251;70
461;252;10
462;251;100
462;252;50
463;251;100
463;252;10
464;251;10
464;252;10
465;253;10
465;254;100
465;255;100
466;254;50
466;255;70
467;254;10
467;255;70
468;254;70
468;255;100
469;254;70
469;255;70
470;254;10
470;255;70
471;256;70
471;257;10
471;258;70
472;257;100
472;258;50
473;257;100
473;258;70
474;257;10
474;258;50
475;257;50
475;258;50
476;257;50
476;258;50
477;259;50
477;260;100
477;261;100
478;260;100
478;261;100
479;260;50
479;261;10
480;260;50
480;261;10
481;260;10
481;261;50
482;260;10
482;261;10
483;262;50
483;263;70
483;264;70
484;263;50
484;264;70
485;263;50
485;264;100
486;263;70
486;264;10
487;263;10
487;264;10
488;263;100
488;264;70
489;265;50
489;266;50
489;267;50
490;266;100
490;267;50
491;266;50
491;267;70
492;266;100
492;267;50
493;266;10
493;267;100
494;266;100
494;267;70
495;268;10
495;269;100
495;270;70
496;269;10
496;270;70
497;269;70
497;270;10
498;269;50
498;270;70
499;269;100
499;270;70
500;269;50
500;270;50
501;271;50
501;272;50
501;273;10
502;272;100
502;273;50
503;272;50
503;273;50
504;272;10
504;273;70
505;272;70
505;273;100
506;272;10
506;273;10
507;274;50
507;275;10
507;276;10
508;275;100
508;276;100
509;275;50
509;276;70
510;275;100
510;276;10
511;275;100
511;276;100
512;275;10
512;276;70
513;277;70
513;278;70
513;279;10
514;278;50
514;279;10
515;278;70
515;279;100
516;278;100
516;279;50
517;278;100
517;279;50
518;278;100
518;279;100
519;280;100
519;281;10
519;282;100
520;281;50
520;282;10
521;281;50
521;282;70
522;281;100
522;282;70
523;281;70
523;282;10
524;281;100
524;282;10
525;283;100
525;284;50
525;285;50
526;284;70
526;285;50
527;284;50
527;285;10
528;284;10
528;285;10
529;284;100
529;285;100
530;284;10
530;285;70
531;286;70
531;287;10
531;288;70
532;287;10
532;288;100
533;287;70
533;288;100
534;287;10
534;288;10
535;287;10
535;288;100
536;287;100
536;288;10
537;289;10
537;290;70
537;291;70
538;290;50
538;291;70
539;290;70
539;291;50
540;290;100
540;291;100
541;290;10
541;291;10
542;290;100
542;291;100
543;292;10
543;293;50
543;294;70
544;293;50
544;294;70
545;293;10
545;294;70
546;293;50
546;294;70
547;293;70
547;294;70
548;293;10
548;294;70
549;295;50
549;296;100
549;297;10
550;296;50
550;297;50
551;296;50
551;297;10
552;296;10
552;297;10
553;296;70
553;297;100
554;296;70
554;297;50
555;298;10
555;299;10
555;300;10
556;299;100
556;300;50
557;299;50
557;300;10
558;299;50
558;300;10
559;299;100
559;300;10
560;299;10
560;300;50
561;301;100
561;302;100
561;303;70
562;302;70
562;303;10
563;302;10
563;303;10
564;302;70
564;303;50
565;302;50
565;303;70
566;302;10
566;303;10
567;304;10
567;305;10
567;306;50
568;305;70
568;306;100
569;305;10
569;306;70
570;305;50
570;306;50
571;305;70
571;306;50
572;305;70
572;306;70
573;307;70
573;308;100
573;309;10
574;308;100
574;309;100
575;308;50
575;309;100
576;308;10
576;309;100
577;308;10
577;309;10
578;308;70
578;309;70
579;310;50
579;311;10
579;312;10
580;311;10
580;312;100
581;311;50
581;312;100
582;311;50
582;312;70
583;311;10
583;312;50
584;311;70
584;312;50
585;313;10
585;314;50
585;315;10
586;314;10
586;315;10
587;314;100
587;315;100
588;314;10
588;315;10
589;314;50
589;315;10
590;314;70
590;315;100
591;316;50
591;317;50
591;318;10
592;317;50
592;318;50
593;317;50
593;318;70
594;317;70
594;318;50
595;317;100
595;318;10
596;317;70
596;318;50
597;319;70
597;320;50
597;321;100
598;320;100
598;321;50
599;320;50
599;321;100
600;320;70
600;321;100
601;320;70
601;321;10
602;320;100
602;321;100
603;322;50
603;323;100
603;324;100
604;323;50
604;324;70
605;323;100
605;324;70
606;323;70
606;324;10
607;323;50
607;324;50
608;323;10
608;324;50
609;325;10
609;326;50
609;327;10
610;326;70
610;327;50
611;326;10
611;327;50
612;326;10
612;327;50
613;326;100
613;327;70
614;326;50
614;327;70
615;328;70
615;329;10
615;330;70
616;329;100
616;330;100
617;329;100
617;330;10
618;329;100
618;330;100
619;329;100
619;330;70
620;329;70
620;330;70
621;331;100
621;332;70
621;333;100
622;332;10
622;333;10
623;332;100
623;333;70
624;332;10
624;333;50
625;332;100
625;333;50
626;332;50
626;333;100
627;334;100
627;335;10
627;336;70
628;335;100
628;336;10
629;335;10
629;336;70
630;335;100
630;336;10
631;335;50
631;336;10
632;335;70
632;336;70
633;337;50
633;338;70
633;339;50
634;338;70
634;339;70
635;338;70
635;339;50
636;338;10
636;339;100
637;338;10
637;339;10
638;338;50
638;339;50
639;340;50
639;341;10
639;342;10
640;341;100
640;342;50
641;341;10
641;342;10
642;341;70
642;342;100
643;341;70
643;342;50
644;341;100
644;342;100
645;343;100
645;344;100
645;345;50
646;344;10
646;345;70
647;344;100
647;345;100
648;344;50
648;345;50
649;344;100
649;345;100
650;344;70
650;345;100
651;346;100
651;347;100
651;348;70
652;347;10
652;348;10
653;347;100
653;348;100
654;347;10
654;348;10
655;347;70
655;348;70
656;347;50
656;348;100
657;349;10
657;350;70
657;351;10
658;350;50
658;351;10
659;350;10
659;351;50
660;350;50
660;351;10
661;350;100
661;351;50
662;350;10
662;351;10
663;352;50
663;353;70
663;354;50
664;353;50
664;354;10
665;353;10
665;354;100
666;353;70
666;354;10
667;353;50
667;354;50
668;353;100
668;354;100
669;355;50
669;356;50
669;357;70
670;356;70
670;357;100
671;356;70
671;357;10
672;356;100
672;357;70
673;356;70
673;357;70
674;356;70
674;357;70
675;358;70
675;359;70
675;360;10
676;359;50
676;360;70
677;359;50
677;360;10
678;359;100
678;360;70
679;359;50
679;360;100
680;359;10
680;360;50
681;361;70
681;362;70
681;363;50
682;362;10
682;363;10
683;362;70
683;363;100
684;362;100
684;363;100
685;362;70
685;363;10
686;362;50
686;363;70
687;364;10
687;365;50
687;366;100
688;365;70
688;366;50
689;365;100
689;366;70
690;365;70
690;366;50
691;365;100
691;366;50
692;365;50
692;366;50
693;367;50
693;368;50
693;369;10
694;368;70
694;369;10
695;368;100
695;369;10
696;368;70
696;369;100
697;368;10
697;369;100
698;368;100
698;369;10
699;370;100
699;371;10
699;372;100
700;371;70
700;372;10
701;371;10
701;372;70
702;371;10
702;372;100
703;371;50
703;372;70
704;371;10
704;372;100
705;373;70
705;374;100
705;375;50
706;374;100
706;375;100
707;374;100
707;375;70
708;374;10
708;375;100
709;374;50
709;375;50
710;374;10
710;375;100
711;376;70
711;377;100
711;378;10
712;377;50
712;378;10
713;377;100
713;378;100
714;377;10
714;378;10
715;377;100
715;378;10
716;377;10
716;378;70
717;379;50
717;380;100
717;381;100
718;380;100
718;381;10
719;380;70
719;381;10
720;380;70
720;381;70
721;380;50
721;381;50
722;380;10
722;381;10
723;382;50
723;383;70
723;384;70
724;383;70
724;384;10
725;383;70
725;384;10
726;383;50
726;384;70
727;383;50
727;384;50
728;383;100
728;384;100
729;385;70
729;386;10
729;387;50
730;386;50
730;387;50
731;386;100
731;387;10
732;386;70
732;387;100
733;386;50
733;387;50
734;386;10
734;387;10
735;388;10
735;389;100
735;390;100
736;389;70
736;390;100
737;389;50
737;390;70
738;389;50
738;390;100
739;389;70
739;390;100
740;389;50
740;390;10
741;391;10
741;392;50
741;393;100
742;392;50
742;393;10
743;392;10
743;393;100
744;392;10
744;393;70
745;392;70
745;393;10
746;392;10
746;393;70
747;394;70
747;395;100
747;396;100
748;395;70
748;396;70
749;395;10
749;396;10
750;395;100
750;396;70
751;395;100
751;396;10
752;395;70
752;396;100
753;397;100
753;398;50
753;399;10
754;398;10
754;399;70
755;398;10
755;399;100
756;398;10
756;399;70
757;398;100
757;399;50
758;398;10
758;399;50
0;0;10
0;1;10
0;2;10
0;3;10
0;4;10
0;5;10
0;6;10
0;7;10
1;0;10
1;1;10
1;2;10
1;3;10
1;4;10
1;5;10
1;6;10
1;7;10
2;0;10
2;1;10
2;2;10
2;3;10
2;4;10
2;5;10
2;6;10
2;7;10
3;0;10
3;1;20
3;2;30
3;3;40
3;4;50
3;5;60
3;6;70
3;7;80
4;0;80
4;1;70
4;2;60
4;3;50
4;4;40
4;5;30
4;6;20
4;7;10
5;0;10
5;1;20
5;2;30
5;3;40
5;4;50
5;5;60
5;6;70
5;7;80
6;0;80
6;1;70
6;2;60
6;3;50
6;4;40
6;5;30
6;6;20
6;7;10
7;0;80
7;1;70
7;2;60
7;3;50
7;4;40
7;5;30
7;6;20
7;7;10
8;0;10
8;1;10
8;2;10
8;3;10
8;4;10
8;5;10
8;6;10
8;7;10
9;0;80
9;1;70
9;2;60
9;3;50
9;4;40
9;5;30
9;6;20
9;7;10
10;0;10
10;1;10
10;2;10
10;3;10
10;4;10
10;5;10
10;6;10
10;7;10
11;0;10
11;1;10
11;2;10
11;3;10
11;4;10
11;5;10
11;6;10
11;7;10
12;0;10
12;1;20
12;2;30
12;3;40
12;4;50
12;5;60
12;6;70
12;7;80
13;0;80
13;1;70
13;2;60
13;3;50
13;4;40
13;5;30
13;6;20
13;7;10
14;0;10
14;1;20
14;2;30
14;3;40
14;4;50
14;5;60
14;6;70
14;7;80
15;0;80
15;1;70
15;2;60
15;3;50
15;4;40
15;5;30
15;6;20
15;7;10
16;0;10
16;1;20
16;2;30
16;3;40
16;4;50
16;5;60
16;6;70
16;7;80
17;0;10
17;1;20
17;2;30
17;3;40
17;4;50
17;5;60
17;6;70
17;7;80
18;0;10
18;1;10
18;2;10
18;3;10
18;4;10
18;5;10
18;6;10
18;7;10
19;0;10
19;1;10
19;2;10
19;3;10
19;4;10
19;5;10
19;6;10
19;7;10
20;0;10
20;1;20
20;2;30
20;3;40
20;4;50
20;5;60
20;6;70
20;7;80
21;0;10
21;1;10
21;2;10
21;3;10
21;4;10
21;5;10
21;6;10
21;7;10
22;0;80
22;1;70
22;2;60
22;3;50
22;4;40
22;5;30
22;6;20
22;7;10
23;0;10
23;1;20
23;2;30
23;3;40
23;4;50
23;5;60
23;6;70
23;7;80
24;0;10
24;1;10
24;2;10
24;3;10
24;4;10
24;5;10
24;6;10
24;7;10
25;0;80
25;1;70
25;2;60
25;3;50
25;4;40
25;5;30
25;6;20
25;7;10
26;0;80
26;1;70
26;2;60
26;3;50
26;4;40
26;5;30
26;6;20
26;7;10
27;0;80
27;1;70
27;2;60
27;3;50
27;4;40
27;5;30
27;6;20
27;7;10
28;0;80
28;1;70
28;2;60
28;3;50
28;4;40
28;5;30
28;6;20
28;7;10
29;0;10
29;1;10
29;2;10
29;3;10
29;4;10
29;5;10
29;6;10
29;7;10
30;0;10
30;1;20
30;2;30
30;3;40
30;4;50
30;5;60
30;6;70
30;7;80
31;0;10
31;1;20
31;2;30
31;3;40
31;4;50
31;5;60
31;6;70
31;7;80
32;0;10
32;1;10
32;2;10
32;3;10
32;4;10
32;5;10
32;6;10
32;7;10
33;0;10
33;1;10
33;2;10
33;3;10
33;4;10
33;5;10
33;6;10
33;7;10
34;0;10
34;1;20
34;2;30
34;3;40
34;4;50
34;5;60
34;6;70
34;7;80
35;0;80
35;1;70
35;2;60
35;3;50
35;4;40
35;5;30
35;6;20
35;7;10
36;0;10
36;1;10
36;2;10
36;3;10
36;4;10
36;5;10
36;6;10
36;7;10
37;0;10
37;1;20
37;2;30
37;3;40
37;4;50
37;5;60
37;6;70
37;7;80
38;0;10
38;1;10
38;2;10
38;3;10
38;4;10
38;5;10
38;6;10
38;7;10
39;0;10
39;1;10
39;2;10
39;3;10
39;4;10
39;5;10
39;6;10
39;7;10
40;0;10
40;1;20
40;2;30
40;3;40
40;4;50
40;5;60
40;6;70
40;7;80
41;0;10
41;1;10
41;2;10
41;3;10
41;4;10
41;5;10
41;6;10
41;7;10
42;0;10
42;1;10
42;2;10
42;3;10
42;4;10
42;5;10
42;6;10
42;7;10
43;0;10
43;1;10
43;2;10
43;3;10
43;4;10
43;5;10
43;6;10
43;7;10
44;0;10
44;1;10
44;2;10
44;3;10
44;4;10
44;5;10
44;6;10
44;7;10
45;0;80
45;1;70
45;2;60
45;3;50
45;4;40
45;5;30
45;6;20
45;7;10
46;0;80
46;1;70
46;2;60
46;3;50
46;4;40
46;5;30
46;6;20
46;7;10
47;0;80
47;1;70
47;2;60
47;3;50
47;4;40
47;5;30
47;6;20
47;7;10
48;0;10
48;1;20
48;2;30
48;3;40
48;4;50
48;5;60
48;6;70
48;7;80
49;0;80
49;1;70
49;2;60
49;3;50
49;4;40
49;5;30
49;6;20
49;7;10
50;0;10
50;1;10
50;2;10
50;3;10
50;4;10
50;5;10
50;6;10
50;7;10
51;0;10
51;1;20
51;2;30
51;3;40
51;4;50
51;5;60
51;6;70
51;7;80
52;0;80
52;1;70
52;2;60
52;3;50
52;4;40
52;5;30
52;6;20
52;7;10
53;0;10
53;1;10
53;2;10
53;3;10
53;4;10
53;5;10
53;6;10
53;7;10
54;0;10
54;1;10
54;2;10
54;3;10
54;4;10
54;5;10
54;6;10
54;7;10
55;0;10
55;1;10
55;2;10
55;3;10
55;4;10
55;5;10
55;6;10
55;7;10
56;0;10
56;1;10
56;2;10
56;3;10
56;4;10
56;5;10
56;6;10
56;7;10
57;0;10
57;1;10
57;2;10
57;3;10
57;4;10
57;5;10
57;6;10
57;7;10
58;0;80
58;1;70
58;2;60
58;3;50
58;4;40
58;5;30
58;6;20
58;7;10
59;0;10
59;1;10
59;2;10
59;3;10
59;4;10
59;5;10
59;6;10
59;7;10
60;0;10
60;1;10
60;2;10
60;3;10
60;4;10
60;5;10
60;6;10
60;7;10
61;0;10
61;1;10
61;2;10
61;3;10
61;4;10
61;5;10
61;6;10
61;7;10
62;0;10
62;1;20
62;2;30
62;3;40
62;4;50
62;5;60
62;6;70
62;7;80
63;0;10
63;1;10
63;2;10
63;3;10
63;4;10
63;5;10
63;6;10
63;7;10
64;0;10
64;1;10
64;2;10
64;3;10
64;4;10
64;5;10
64;6;10
64;7;10
65;0;10
65;1;20
65;2;30
65;3;40
65;4;50
65;5;60
65;6;70
65;7;80
66;0;10
66;1;10
66;2;10
66;3;10
66;4;10
66;5;10
66;6;10
66;7;10
67;0;10
67;1;20
67;2;30
67;3;40
67;4;50
67;5;60
67;6;70
67;7;80
68;0;10
68;1;10
68;2;10
68;3;10
68;4;10
68;5;10
68;6;10
68;7;10
69;0;80
69;1;70
69;2;60
69;3;50
69;4;40
69;5;30
69;6;20
69;7;10
70;0;10
70;1;10
70;2;10
70;3;10
70;4;10
70;5;10
70;6;10
70;7;10
71;0;80
71;1;70
71;2;60
71;3;50
71;4;40
71;5;30
71;6;20
71;7;10
72;0;10
72;1;20
72;2;30
72;3;40
72;4;50
72;5;60
72;6;70
72;7;80
73;0;80
73;1;70
73;2;60
73;3;50
73;4;40
73;5;30
73;6;20
73;7;10
74;0;80
74;1;70
74;2;60
74;3;50
74;4;40
74;5;30
74;6;20
74;7;10
75;0;10
75;1;10
75;2;10
75;3;10
75;4;10
75;5;10
75;6;10
75;7;10
76;0;10
76;1;20
76;2;30
76;3;40
76;4;50
76;5;60
76;6;70
76;7;80
77;0;80
77;1;70
77;2;60
77;3;50
77;4;40
77;5;30
77;6;20
77;7;10
78;0;10
78;1;20
78;2;30
78;3;40
78;4;50
78;5;60
78;6;70
78;7;80
79;0;10
79;1;20
79;2;30
79;3;40
79;4;50
79;5;60
79;6;70
79;7;80
80;0;10
80;1;20
80;2;30
80;3;40
80;4;50
80;5;60
80;6;70
80;7;80
81;0;10
81;1;10
81;2;10
81;3;10
81;4;10
81;5;10
81;6;10
81;7;10
82;0;10
82;1;20
82;2;30
82;3;40
82;4;50
82;5;60
82;6;70
82;7;80
83;0;80
83;1;70
83;2;60
83;3;50
83;4;40
83;5;30
83;6;20
83;7;10
84;0;80
84;1;70
84;2;60
84;3;50
84;4;40
84;5;30
84;6;20
84;7;10
85;0;10
85;1;20
85;2;30
85;3;40
85;4;50
85;5;60
85;6;70
85;7;80
86;0;10
86;1;10
86;2;10
86;3;10
86;4;10
86;5;10
86;6;10
86;7;10
87;0;80
87;1;70
87;2;60
87;3;50
87;4;40
87;5;30
87;6;20
87;7;10
88;0;10
88;1;10
88;2;10
88;3;10
88;4;10
88;5;10
88;6;10
88;7;10
89;0;80
89;1;70
89;2;60
89;3;50
89;4;40
89;5;30
89;6;20
89;7;10
90;0;80
90;1;70
90;2;60
90;3;50
90;4;40
90;5;30
90;6;20
90;7;10
91;0;10
91;1;10
91;2;10
91;3;10
91;4;10
91;5;10
91;6;10
91;7;10
92;0;10
92;1;20
92;2;30
92;3;40
92;4;50
92;5;60
92;6;70
92;7;80
93;0;10
93;1;10
93;2;10
93;3;10
93;4;10
93;5;10
93;6;10
93;7;10
94;0;10
94;1;20
94;2;30
94;3;40
94;4;50
94;5;60
94;6;70
94;7;80
95;0;10
95;1;10
95;2;10
95;3;10
95;4;10
95;5;10
95;6;10
95;7;10
96;0;10
96;1;10
96;2;10
96;3;10
96;4;10
96;5;10
96;6;10
96;7;10
97;0;80
97;1;70
97;2;60
97;3;50
97;4;40
97;5;30
97;6;20
97;7;10
98;0;10
98;1;20
98;2;30
98;3;40
98;4;50
98;5;60
98;6;70
98;7;80
99;0;10
99;1;10
99;2;10
99;3;10
99;4;10
99;5;10
99;6;10
99;7;10
100;0;80
100;1;70
100;2;60
100;3;50
100;4;40
100;5;30
100;6;20
100;7;10
101;0;80
101;1;70
101;2;60
101;3;50
101;4;40
101;5;30
101;6;20
101;7;10
102;0;80
102;1;70
102;2;60
102;3;50
102;4;40
102;5;30
102;6;20
102;7;10
103;0;10
103;1;10
103;2;10
103;3;10
103;4;10
103;5;10
103;6;10
103;7;10
104;0;10
104;1;20
104;2;30
104;3;40
104;4;50
104;5;60
104;6;70
104;7;80
105;0;10
105;1;20
105;2;30
105;3;40
105;4;50
105;5;60
105;6;70
105;7;80
106;0;10
106;1;20
106;2;30
106;3;40
106;4;50
106;5;60
106;6;70
106;7;80
107;0;10
107;1;10
107;2;10
107;3;10
107;4;10
107;5;10
107;6;10
107;7;10
108;0;10
108;1;20
108;2;30
108;3;40
108;4;50
108;5;60
108;6;70
108;7;80
109;0;80
109;1;70
109;2;60
109;3;50
109;4;40
109;5;30
109;6;20
109;7;10
110;0;80
110;1;70
110;2;60
110;3;50
110;4;40
110;5;30
110;6;20
110;7;10
111;0;80
111;1;70
111;2;60
111;3;50
111;4;40
111;5;30
111;6;20
111;7;10
112;0;10
112;1;10
112;2;10
112;3;10
112;4;10
112;5;10
112;6;10
112;7;10
113;0;10
113;1;10
113;2;10
113;3;10
113;4;10
113;5;10
113;6;10
113;7;10
114;0;10
114;1;10
114;2;10
114;3;10
114;4;10
114;5;10
114;6;10
114;7;10
115;0;80
115;1;70
115;2;60
115;3;50
115;4;40
115;5;30
115;6;20
115;7;10
116;0;10
116;1;10
116;2;10
116;3;10
116;4;10
116;5;10
116;6;10
116;7;10
117;0;10
117;1;10
117;2;10
117;3;10
117;4;10
117;5;10
117;6;10
117;7;10
118;0;10
118;1;10
118;2;10
118;3;10
118;4;10
118;5;10
118;6;10
118;7;10
119;0;10
119;1;20
119;2;30
119;3;40
119;4;50
119;5;60
119;6;70
119;7;80
120;0;10
120;1;10
120;2;10
120;3;10
120;4;10
120;5;10
120;6;10
120;7;10
121;0;10
121;1;10
121;2;10
121;3;10
121;4;10
121;5;10
121;6;10
121;7;10
122;0;10
122;1;10
122;2;10
122;3;10
122;4;10
122;5;10
122;6;10
122;7;10
123;0;10
123;1;10
123;2;10
123;3;10
123;4;10
123;5;10
123;6;10
123;7;10
124;0;10
124;1;10
124;2;10
124;3;10
124;4;10
124;5;10
124;6;10
124;7;10
125;0;10
125;1;20
125;2;30
125;3;40
125;4;50
125;5;60
125;6;70
125;7;80
126;0;10
126;1;20
126;2;30
126;3;40
126;4;50
126;5;60
126;6;70
126;7;80
127;0;80
127;1;70
127;2;60
127;3;50
127;4;40
127;5;30
127;6;20
127;7;10
128;0;10
128;1;20
128;2;30
128;3;40
128;4;50
128;5;60
128;6;70
128;7;80
129;0;80
129;1;70
129;2;60
129;3;50
129;4;40
129;5;30
129;6;20
129;7;10
130;0;80
130;1;70
130;2;60
130;3;50
130;4;40
130;5;30
130;6;20
130;7;10
131;0;10
131;1;20
131;2;30
131;3;40
131;4;50
131;5;60
131;6;70
131;7;80
132;0;80
132;1;70
132;2;60
132;3;50
132;4;40
132;5;30
132;6;20
132;7;10
133;0;10
133;1;20
133;2;30
133;3;40
133;4;50
133;5;60
133;6;70
133;7;80
134;0;10
134;1;20
134;2;30
134;3;40
134;4;50
134;5;60
134;6;70
134;7;80
135;0;80
135;1;70
135;2;60
135;3;50
135;4;40
135;5;30
135;6;20
135;7;10
136;0;80
136;1;70
136;2;60
136;3;50
136;4;40
136;5;30
136;6;20
136;7;10
137;0;10
137;1;20
137;2;30
137;3;40
137;4;50
137;5;60
137;6;70
137;7;80
138;0;10
138;1;20
138;2;30
138;3;40
138;4;50
138;5;60
138;6;70
138;7;80
139;0;80
139;1;70
139;2;60
139;3;50
139;4;40
139;5;30
139;6;20
139;7;10
140;0;80
140;1;70
140;2;60
140;3;50
140;4;40
140;5;30
140;6;20
140;7;10
141;0;80
141;1;70
141;2;60
141;3;50
141;4;40
141;5;30
141;6;20
141;7;10
142;0;10
142;1;10
142;2;10
142;3;10
142;4;10
142;5;10
142;6;10
142;7;10
143;0;10
143;1;10
143;2;10
143;3;10
143;4;10
143;5;10
143;6;10
143;7;10
144;0;10
144;1;20
144;2;30
144;3;40
144;4;50
144;5;60
144;6;70
144;7;80
145;0;80
145;1;70
145;2;60
145;3;50
145;4;40
145;5;30
145;6;20
145;7;10
146;0;80
146;1;70
146;2;60
146;3;50
146;4;40
146;5;30
146;6;20
146;7;10
147;0;80
147;1;70
147;2;60
147;3;50
147;4;40
147;5;30
147;6;20
147;7;10
148;0;10
148;1;10
148;2;10
148;3;10
148;4;10
148;5;10
148;6;10
148;7;10
149;0;10
149;1;10
149;2;10
149;3;10
149;4;10
149;5;10
149;6;10
149;7;10
150;0;10
150;1;10
150;2;10
150;3;10
150;4;10
150;5;10
150;6;10
150;7;10
151;0;80
151;1;70
151;2;60
151;3;50
151;4;40
151;5;30
151;6;20
151;7;10
152;0;80
152;1;70
152;2;60
152;3;50
152;4;40
152;5;30
152;6;20
152;7;10
153;0;10
153;1;10
153;2;10
153;3;10
153;4;10
153;5;10
153;6;10
153;7;10
154;0;10
154;1;10
154;2;10
154;3;10
154;4;10
154;5;10
154;6;10
154;7;10
155;0;80
155;1;70
155;2;60
155;3;50
155;4;40
155;5;30
155;6;20
155;7;10
156;0;10
156;1;20
156;2;30
156;3;40
156;4;50
156;5;60
156;6;70
156;7;80
157;0;10
157;1;20
157;2;30
157;3;40
157;4;50
157;5;60
157;6;70
157;7;80
158;0;10
158;1;20
158;2;30
158;3;40
158;4;50
158;5;60
158;6;70
158;7;80
159;0;10
159;1;10
159;2;10
159;3;10
159;4;10
159;5;10
159;6;10
159;7;10
160;0;80
160;1;70
160;2;60
160;3;50
160;4;40
160;5;30
160;6;20
160;7;10
161;0;10
161;1;20
161;2;30
161;3;40
161;4;50
161;5;60
161;6;70
161;7;80
162;0;10
162;1;10
162;2;10
162;3;10
162;4;10
162;5;10
162;6;10
162;7;10
163;0;10
163;1;10
163;2;10
163;3;10
163;4;10
163;5;10
163;6;10
163;7;10
164;0;10
164;1;10
164;2;10
164;3;10
164;4;10
164;5;10
164;6;10
164;7;10
165;0;10
165;1;10
165;2;10
165;3;10
165;4;10
165;5;10
165;6;10
165;7;10
166;0;10
166;1;10
166;2;10
166;3;10
166;4;10
166;5;10
166;6;10
166;7;10
167;0;10
167;1;10
167;2;10
167;3;10
167;4;10
167;5;10
167;6;10
167;7;10
168;0;80
168;1;70
168;2;60
168;3;50
168;4;40
168;5;30
168;6;20
168;7;10
169;0;10
169;1;20
169;2;30
169;3;40
169;4;50
169;5;60
169;6;70
169;7;80
170;0;80
170;1;70
170;2;60
170;3;50
170;4;40
170;5;30
170;6;20
170;7;10
171;0;10
171;1;20
171;2;30
171;3;40
171;4;50
171;5;60
171;6;70
171;7;80
172;0;10
172;1;20
172;2;30
172;3;40
172;4;50
172;5;60
172;6;70
172;7;80
173;0;10
173;1;10
173;2;10
173;3;10
173;4;10
173;5;10
173;6;10
173;7;10
174;0;10
174;1;20
174;2;30
174;3;40
174;4;50
174;5;60
174;6;70
174;7;80
175;0;80
175;1;70
175;2;60
175;3;50
175;4;40
175;5;30
175;6;20
175;7;10
176;0;80
176;1;70
176;2;60
176;3;50
176;4;40
176;5;30
176;6;20
176;7;10
177;0;10
177;1;10
177;2;10
177;3;10
177;4;10
177;5;10
177;6;10
177;7;10
178;0;10
178;1;20
178;2;30
178;3;40
178;4;50
178;5;60
178;6;70
178;7;80
179;0;10
179;1;20
179;2;30
179;3;40
179;4;50
179;5;60
179;6;70
179;7;80
180;0;80
180;1;70
180;2;60
180;3;50
180;4;40
180;5;30
180;6;20
180;7;10
181;0;10
181;1;20
181;2;30
181;3;40
181;4;50
181;5;60
181;6;70
181;7;80
182;0;10
182;1;20
182;2;30
182;3;40
182;4;50
182;5;60
182;6;70
182;7;80
183;0;80
183;1;70
183;2;60
183;3;50
183;4;40
183;5;30
183;6;20
183;7;10
184;0;80
184;1;70
184;2;60
184;3;50
184;4;40
184;5;30
184;6;20
184;7;10
185;0;10
185;1;20
185;2;30
185;3;40
185;4;50
185;5;60
185;6;70
185;7;80
186;0;80
186;1;70
186;2;60
186;3;50
186;4;40
186;5;30
186;6;20
186;7;10
187;0;10
187;1;20
187;2;30
187;3;40
187;4;50
187;5;60
187;6;70
187;7;80
188;0;80
188;1;70
188;2;60
188;3;50
188;4;40
188;5;30
188;6;20
188;7;10
189;0;10
189;1;20
189;2;30
189;3;40
189;4;50
189;5;60
189;6;70
189;7;80
190;0;10
190;1;10
190;2;10
190;3;10
190;4;10
190;5;10
190;6;10
190;7;10
191;0;80
191;1;70
191;2;60
191;3;50
191;4;40
191;5;30
191;6;20
191;7;10
192;0;80
192;1;70
192;2;60
192;3;50
192;4;40
192;5;30
192;6;20
192;7;10
193;0;80
193;1;70
193;2;60
193;3;50
193;4;40
193;5;30
193;6;20
193;7;10
194;0;80
194;1;70
194;2;60
194;3;50
194;4;40
194;5;30
194;6;20
194;7;10
195;0;10
195;1;20
195;2;30
195;3;40
195;4;50
195;5;60
195;6;70
195;7;80
196;0;80
196;1;70
196;2;60
196;3;50
196;4;40
196;5;30
196;6;20
196;7;10
197;0;80
197;1;70
197;2;60
197;3;50
197;4;40
197;5;30
197;6;20
197;7;10
198;0;10
198;1;20
198;2;30
198;3;40
198;4;50
198;5;60
198;6;70
198;7;80
199;0;10
199;1;20
199;2;30
199;3;40
199;4;50
199;5;60
199;6;70
199;7;80
200;0;80
200;1;70
200;2;60
200;3;50
200;4;40
200;5;30
200;6;20
200;7;10
201;0;80
201;1;70
201;2;60
201;3;50
201;4;40
201;5;30
201;6;20
201;7;10
202;0;10
202;1;20
202;2;30
202;3;40
202;4;50
202;5;60
202;6;70
202;7;80
203;0;10
203;1;20
203;2;30
203;3;40
203;4;50
203;5;60
203;6;70
203;7;80
204;0;10
204;1;20
204;2;30
204;3;40
204;4;50
204;5;60
204;6;70
204;7;80
205;0;80
205;1;70
205;2;60
205;3;50
205;4;40
205;5;30
205;6;20
205;7;10
206;0;10
206;1;10
206;2;10
206;3;10
206;4;10
206;5;10
206;6;10
206;7;10
207;0;10
207;1;20
207;2;30
207;3;40
207;4;50
207;5;60
207;6;70
207;7;80
208;0;10
208;1;10
208;2;10
208;3;10
208;4;10
208;5;10
208;6;10
208;7;10
209;0;10
209;1;20
209;2;30
209;3;40
209;4;50
209;5;60
209;6;70
209;7;80
210;0;80
210;1;70
210;2;60
210;3;50
210;4;40
210;5;30
210;6;20
210;7;10
211;0;80
211;1;70
211;2;60
211;3;50
211;4;40
211;5;30
211;6;20
211;7;10
212;0;10
212;1;10
212;2;10
212;3;10
212;4;10
212;5;10
212;6;10
212;7;10
213;0;10
213;1;20
213;2;30
213;3;40
213;4;50
213;5;60
213;6;70
213;7;80
214;0;10
214;1;10
214;2;10
214;3;10
214;4;10
214;5;10
214;6;10
214;7;10
215;0;10
215;1;10
215;2;10
215;3;10
215;4;10
215;5;10
215;6;10
215;7;10
216;0;10
216;1;20
216;2;30
216;3;40
216;4;50
216;5;60
216;6;70
216;7;80
217;0;80
217;1;70
217;2;60
217;3;50
217;4;40
217;5;30
217;6;20
217;7;10
218;0;80
218;1;70
218;2;60
218;3;50
218;4;40
218;5;30
218;6;20
218;7;10
219;0;10
219;1;20
219;2;30
219;3;40
219;4;50
219;5;60
219;6;70
219;7;80
220;0;80
220;1;70
220;2;60
220;3;50
220;4;40
220;5;30
220;6;20
220;7;10
221;0;10
221;1;10
221;2;10
221;3;10
221;4;10
221;5;10
221;6;10
221;7;10
222;0;10
222;1;10
222;2;10
222;3;10
222;4;10
222;5;10
222;6;10
222;7;10
223;0;10
223;1;20
223;2;30
223;3;40
223;4;50
223;5;60
223;6;70
223;7;80
224;0;80
224;1;70
224;2;60
224;3;50
224;4;40
224;5;30
224;6;20
224;7;10
225;0;80
225;1;70
225;2;60
225;3;50
225;4;40
225;5;30
225;6;20
225;7;10
226;0;10
226;1;10
226;2;10
226;3;10
226;4;10
226;5;10
226;6;10
226;7;10
227;0;10
227;1;20
227;2;30
227;3;40
227;4;50
227;5;60
227;6;70
227;7;80
228;0;10
228;1;20
228;2;30
228;3;40
228;4;50
228;5;60
228;6;70
228;7;80
229;0;10
229;1;20
229;2;30
229;3;40
229;4;50
229;5;60
229;6;70
229;7;80
230;0;10
230;1;10
230;2;10
230;3;10
230;4;10
230;5;10
230;6;10
230;7;10
231;0;10
231;1;10
231;2;10
231;3;10
231;4;10
231;5;10
231;6;10
231;7;10
232;0;10
232;1;10
232;2;10
232;3;10
232;4;10
232;5;10
232;6;10
232;7;10
233;0;10
233;1;10
233;2;10
233;3;10
233;4;10
233;5;10
233;6;10
233;7;10
234;0;10
234;1;20
234;2;30
234;3;40
234;4;50
234;5;60
234;6;70
234;7;80
235;0;80
235;1;70
235;2;60
235;3;50
235;4;40
235;5;30
235;6;20
235;7;10
236;0;80
236;1;70
236;2;60
236;3;50
236;4;40
236;5;30
236;6;20
236;7;10
237;0;10
237;1;20
237;2;30
237;3;40
237;4;50
237;5;60
237;6;70
237;7;80
238;0;80
238;1;70
238;2;60
238;3;50
238;4;40
238;5;30
238;6;20
238;7;10
239;0;80
239;1;70
239;2;60
239;3;50
239;4;40
239;5;30
239;6;20
239;7;10
240;0;10
240;1;20
240;2;30
240;3;40
240;4;50
240;5;60
240;6;70
240;7;80
241;0;10
241;1;20
241;2;30
241;3;40
241;4;50
241;5;60
241;6;70
241;7;80
242;0;10
242;1;10
242;2;10
242;3;10
242;4;10
242;5;10
242;6;10
242;7;10
243;0;10
243;1;10
243;2;10
243;3;10
243;4;10
243;5;10
243;6;10
243;7;10
244;0;10
244;1;10
244;2;10
244;3;10
244;4;10
244;5;10
244;6;10
244;7;10
245;0;10
245;1;20
245;2;30
245;3;40
245;4;50
245;5;60
245;6;70
245;7;80
246;0;10
246;1;10
246;2;10
246;3;10
246;4;10
246;5;10
246;6;10
246;7;10
247;0;80
247;1;70
247;2;60
247;3;50
247;4;40
247;5;30
247;6;20
247;7;10
248;0;80
248;1;70
248;2;60
248;3;50
248;4;40
248;5;30
248;6;20
248;7;10
249;0;10
249;1;20
249;2;30
249;3;40
249;4;50
249;5;60
249;6;70
249;7;80
250;0;10
250;1;10
250;2;10
250;3;10
250;4;10
250;5;10
250;6;10
250;7;10
251;0;10
251;1;10
251;2;10
251;3;10
251;4;10
251;5;10
251;6;10
251;7;10
252;0;10
252;1;20
252;2;30
252;3;40
252;4;50
252;5;60
252;6;70
252;7;80
253;0;10
253;1;10
253;2;10
253;3;10
253;4;10
253;5;10
253;6;10
253;7;10
254;0;10
254;1;20
254;2;30
254;3;40
254;4;50
254;5;60
254;6;70
254;7;80
255;0;10
255;1;20
255;2;30
255;3;40
255;4;50
255;5;60
255;6;70
255;7;80
256;0;10
256;1;20
256;2;30
256;3;40
256;4;50
256;5;60
256;6;70
256;7;80
257;0;80
257;1;70
257;2;60
257;3;50
257;4;40
257;5;30
257;6;20
257;7;10
258;0;80
258;1;70
258;2;60
258;3;50
258;4;40
258;5;30
258;6;20
258;7;10
259;0;10
259;1;20
259;2;30
259;3;40
259;4;50
259;5;60
259;6;70
259;7;80
260;0;80
260;1;70
260;2;60
260;3;50
260;4;40
260;5;30
260;6;20
260;7;10
261;0;10
261;1;20
261;2;30
261;3;40
261;4;50
261;5;60
261;6;70
261;7;80
262;0;10
262;1;20
262;2;30
262;3;40
262;4;50
262;5;60
262;6;70
262;7;80
263;0;10
263;1;20
263;2;30
263;3;40
263;4;50
263;5;60
263;6;70
263;7;80
264;0;10
264;1;10
264;2;10
264;3;10
264;4;10
264;5;10
264;6;10
264;7;10
265;0;80
265;1;70
265;2;60
265;3;50
265;4;40
265;5;30
265;6;20
265;7;10
266;0;10
266;1;10
266;2;10
266;3;10
266;4;10
266;5;10
266;6;10
266;7;10
267;0;10
267;1;20
267;2;30
267;3;40
267;4;50
267;5;60
267;6;70
267;7;80
268;0;80
268;1;70
268;2;60
268;3;50
268;4;40
268;5;30
268;6;20
268;7;10
269;0;10
269;1;10
269;2;10
269;3;10
269;4;10
269;5;10
269;6;10
269;7;10
270;0;10
270;1;20
270;2;30
270;3;40
270;4;50
270;5;60
270;6;70
270;7;80
271;0;80
271;1;70
271;2;60
271;3;50
271;4;40
271;5;30
271;6;20
271;7;10
272;0;10
272;1;20
272;2;30
272;3;40
272;4;50
272;5;60
272;6;70
272;7;80
273;0;10
273;1;10
273;2;10
273;3;10
273;4;10
273;5;10
273;6;10
273;7;10
274;0;10
274;1;20
274;2;30
274;3;40
274;4;50
274;5;60
274;6;70
274;7;80
275;0;80
275;1;70
275;2;60
275;3;50
275;4;40
275;5;30
275;6;20
275;7;10
276;0;10
276;1;10
276;2;10
276;3;10
276;4;10
276;5;10
276;6;10
276;7;10
277;0;10
277;1;20
277;2;30
277;3;40
277;4;50
277;5;60
277;6;70
277;7;80
278;0;10
278;1;20
278;2;30
278;3;40
278;4;50
278;5;60
278;6;70
278;7;80
279;0;80
279;1;70
279;2;60
279;3;50
279;4;40
279;5;30
279;6;20
279;7;10
280;0;80
280;1;70
280;2;60
280;3;50
280;4;40
280;5;30
280;6;20
280;7;10
281;0;10
281;1;20
281;2;30
281;3;40
281;4;50
281;5;60
281;6;70
281;7;80
282;0;80
282;1;70
282;2;60
282;3;50
282;4;40
282;5;30
282;6;20
282;7;10
283;0;10
283;1;10
283;2;10
283;3;10
283;4;10
283;5;10
283;6;10
283;7;10
284;0;10
284;1;20
284;2;30
284;3;40
284;4;50
284;5;60
284;6;70
284;7;80
285;0;80
285;1;70
285;2;60
285;3;50
285;4;40
285;5;30
285;6;20
285;7;10
286;0;80
286;1;70
286;2;60
286;3;50
286;4;40
286;5;30
286;6;20
286;7;10
287;0;80
287;1;70
287;2;60
287;3;50
287;4;40
287;5;30
287;6;20
287;7;10
288;0;80
288;1;70
288;2;60
288;3;50
288;4;40
288;5;30
288;6;20
288;7;10
289;0;80
289;1;70
289;2;60
289;3;50
289;4;40
289;5;30
289;6;20
289;7;10
290;0;10
290;1;10
290;2;10
290;3;10
290;4;10
290;5;10
290;6;10
290;7;10
291;0;10
291;1;10
291;2;10
291;3;10
291;4;10
291;5;10
291;6;10
291;7;10
292;0;10
292;1;10
292;2;10
292;3;10
292;4;10
292;5;10
292;6;10
292;7;10
293;0;10
293;1;10
293;2;10
293;3;10
293;4;10
293;5;10
293;6;10
293;7;10
294;0;10
294;1;10
294;2;10
294;3;10
294;4;10
294;5;10
294;6;10
294;7;10
295;0;80
295;1;70
295;2;60
295;3;50
295;4;40
295;5;30
295;6;20
295;7;10
296;0;10
296;1;10
296;2;10
296;3;10
296;4;10
296;5;10
296;6;10
296;7;10
297;0;80
297;1;70
297;2;60
297;3;50
297;4;40
297;5;30
297;6;20
297;7;10
298;0;10
298;1;20
298;2;30
298;3;40
298;4;50
298;5;60
298;6;70
298;7;80
299;0;80
299;1;70
299;2;60
299;3;50
299;4;40
299;5;30
299;6;20
299;7;10
300;0;10
300;1;10
300;2;10
300;3;10
300;4;10
300;5;10
300;6;10
300;7;10
301;0;10
301;1;10
301;2;10
301;3;10
301;4;10
301;5;10
301;6;10
301;7;10
302;0;80
302;1;70
302;2;60
302;3;50
302;4;40
302;5;30
302;6;20
302;7;10
303;0;80
303;1;70
303;2;60
303;3;50
303;4;40
303;5;30
303;6;20
303;7;10
304;0;10
304;1;10
304;2;10
304;3;10
304;4;10
304;5;10
304;6;10
304;7;10
305;0;10
305;1;10
305;2;10
305;3;10
305;4;10
305;5;10
305;6;10
305;7;10
306;0;80
306;1;70
306;2;60
306;3;50
306;4;40
306;5;30
306;6;20
306;7;10
307;0;10
307;1;10
307;2;10
307;3;10
307;4;10
307;5;10
307;6;10
307;7;10
308;0;80
308;1;70
308;2;60
308;3;50
308;4;40
308;5;30
308;6;20
308;7;10
309;0;80
309;1;70
309;2;60
309;3;50
309;4;40
309;5;30
309;6;20
309;7;10
310;0;80
310;1;70
310;2;60
310;3;50
310;4;40
310;5;30
310;6;20
310;7;10
311;0;10
311;1;10
311;2;10
311;3;10
311;4;10
311;5;10
311;6;10
311;7;10
312;0;10
312;1;20
312;2;30
312;3;40
312;4;50
312;5;60
312;6;70
312;7;80
313;0;10
313;1;20
313;2;30
313;3;40
313;4;50
313;5;60
313;6;70
313;7;80
314;0;10
314;1;20
314;2;30
314;3;40
314;4;50
314;5;60
314;6;70
314;7;80
315;0;80
315;1;70
315;2;60
315;3;50
315;4;40
315;5;30
315;6;20
315;7;10
316;0;80
316;1;70
316;2;60
316;3;50
316;4;40
316;5;30
316;6;20
316;7;10
317;0;10
317;1;20
317;2;30
317;3;40
317;4;50
317;5;60
317;6;70
317;7;80
318;0;10
318;1;20
318;2;30
318;3;40
318;4;50
318;5;60
318;6;70
318;7;80
319;0;10
319;1;10
319;2;10
319;3;10
319;4;10
319;5;10
319;6;10
319;7;10
320;0;80
320;1;70
320;2;60
320;3;50
320;4;40
320;5;30
320;6;20
320;7;10
321;0;80
321;1;70
321;2;60
321;3;50
321;4;40
321;5;30
321;6;20
321;7;10
322;0;10
322;1;20
322;2;30
322;3;40
322;4;50
322;5;60
322;6;70
322;7;80
323;0;10
323;1;20
323;2;30
323;3;40
323;4;50
323;5;60
323;6;70
323;7;80
324;0;80
324;1;70
324;2;60
324;3;50
324;4;40
324;5;30
324;6;20
324;7;10
325;0;10
325;1;10
325;2;10
325;3;10
325;4;10
325;5;10
325;6;10
325;7;10
326;0;80
326;1;70
326;2;60
326;3;50
326;4;40
326;5;30
326;6;20
326;7;10
327;0;10
327;1;10
327;2;10
327;3;10
327;4;10
327;5;10
327;6;10
327;7;10
328;0;10
328;1;20
328;2;30
328;3;40
328;4;50
328;5;60
328;6;70
328;7;80
329;0;80
329;1;70
329;2;60
329;3;50
329;4;40
329;5;30
329;6;20
329;7;10
330;0;10
330;1;10
330;2;10
330;3;10
330;4;10
330;5;10
330;6;10
330;7;10
331;0;10
331;1;10
331;2;10
331;3;10
331;4;10
331;5;10
331;6;10
331;7;10
332;0;10
332;1;20
332;2;30
332;3;40
332;4;50
332;5;60
332;6;70
332;7;80
333;0;80
333;1;70
333;2;60
333;3;50
333;4;40
333;5;30
333;6;20
333;7;10
334;0;10
334;1;10
334;2;10
334;3;10
334;4;10
334;5;10
334;6;10
334;7;10
335;0;10
335;1;10
335;2;10
335;3;10
335;4;10
335;5;10
335;6;10
335;7;10
336;0;10
336;1;20
336;2;30
336;3;40
336;4;50
336;5;60
336;6;70
336;7;80
337;0;80
337;1;70
337;2;60
337;3;50
337;4;40
337;5;30
337;6;20
337;7;10
338;0;80
338;1;70
338;2;60
338;3;50
338;4;40
338;5;30
338;6;20
338;7;10
339;0;10
339;1;20
339;2;30
339;3;40
339;4;50
339;5;60
339;6;70
339;7;80
340;0;10
340;1;10
340;2;10
340;3;10
340;4;10
340;5;10
340;6;10
340;7;10
341;0;80
341;1;70
341;2;60
341;3;50
341;4;40
341;5;30
341;6;20
341;7;10
342;0;10
342;1;20
342;2;30
342;3;40
342;4;50
342;5;60
342;6;70
342;7;80
343;0;10
343;1;20
343;2;30
343;3;40
343;4;50
343;5;60
343;6;70
343;7;80
344;0;10
344;1;20
344;2;30
344;3;40
344;4;50
344;5;60
344;6;70
344;7;80
345;0;80
345;1;70
345;2;60
345;3;50
345;4;40
345;5;30
345;6;20
345;7;10
346;0;10
346;1;20
346;2;30
346;3;40
346;4;50
346;5;60
346;6;70
346;7;80
347;0;10
347;1;10
347;2;10
347;3;10
347;4;10
347;5;10
347;6;10
347;7;10
348;0;80
348;1;70
348;2;60
348;3;50
348;4;40
348;5;30
348;6;20
348;7;10
349;0;10
349;1;10
349;2;10
349;3;10
349;4;10
349;5;10
349;6;10
349;7;10
350;0;80
350;1;70
350;2;60
350;3;50
350;4;40
350;5;30
350;6;20
350;7;10
351;0;10
351;1;20
351;2;30
351;3;40
351;4;50
351;5;60
351;6;70
351;7;80
352;0;80
352;1;70
352;2;60
352;3;50
352;4;40
352;5;30
352;6;20
352;7;10
353;0;10
353;1;20
353;2;30
353;3;40
353;4;50
353;5;60
353;6;70
353;7;80
354;0;80
354;1;70
354;2;60
354;3;50
354;4;40
354;5;30
354;6;20
354;7;10
355;0;10
355;1;20
355;2;30
355;3;40
355;4;50
355;5;60
355;6;70
355;7;80
356;0;10
356;1;10
356;2;10
356;3;10
356;4;10
356;5;10
356;6;10
356;7;10
357;0;10
357;1;20
357;2;30
357;3;40
357;4;50
357;5;60
357;6;70
357;7;80
358;0;10
358;1;20
358;2;30
358;3;40
358;4;50
358;5;60
358;6;70
358;7;80
359;0;10
359;1;10
359;2;10
359;3;10
359;4;10
359;5;10
359;6;10
359;7;10
360;0;80
360;1;70
360;2;60
360;3;50
360;4;40
360;5;30
360;6;20
360;7;10
361;0;80
361;1;70
361;2;60
361;3;50
361;4;40
361;5;30
361;6;20
361;7;10
362;0;80
362;1;70
362;2;60
362;3;50
362;4;40
362;5;30
362;6;20
362;7;10
363;0;80
363;1;70
363;2;60
363;3;50
363;4;40
363;5;30
363;6;20
363;7;10
364;0;10
364;1;20
364;2;30
364;3;40
364;4;50
364;5;60
364;6;70
364;7;80
365;0;10
365;1;10
365;2;10
365;3;10
365;4;10
365;5;10
365;6;10
365;7;10
366;0;10
366;1;20
366;2;30
366;3;40
366;4;50
366;5;60
366;6;70
366;7;80
367;0;10
367;1;20
367;2;30
367;3;40
367;4;50
367;5;60
367;6;70
367;7;80
368;0;80
368;1;70
368;2;60
368;3;50
368;4;40
368;5;30
368;6;20
368;7;10
369;0;80
369;1;70
369;2;60
369;3;50
369;4;40
369;5;30
369;6;20
369;7;10
370;0;80
370;1;70
370;2;60
370;3;50
370;4;40
370;5;30
370;6;20
370;7;10
371;0;10
371;1;10
371;2;10
371;3;10
371;4;10
371;5;10
371;6;10
371;7;10
372;0;10
372;1;20
372;2;30
372;3;40
372;4;50
372;5;60
372;6;70
372;7;80
373;0;10
373;1;20
373;2;30
373;3;40
373;4;50
373;5;60
373;6;70
373;7;80
374;0;10
374;1;20
374;2;30
374;3;40
374;4;50
374;5;60
374;6;70
374;7;80
375;0;10
375;1;10
375;2;10
375;3;10
375;4;10
375;5;10
375;6;10
375;7;10
376;0;10
376;1;20
376;2;30
376;3;40
376;4;50
376;5;60
376;6;70
376;7;80
377;0;10
377;1;10
377;2;10
377;3;10
377;4;10
377;5;10
377;6;10
377;7;10
378;0;80
378;1;70
378;2;60
378;3;50
378;4;40
378;5;30
378;6;20
378;7;10
379;0;10
379;1;10
379;2;10
379;3;10
379;4;10
379;5;10
379;6;10
379;7;10
380;0;80
380;1;70
380;2;60
380;3;50
380;4;40
380;5;30
380;6;20
380;7;10
381;0;10
381;1;10
381;2;10
381;3;10
381;4;10
381;5;10
381;6;10
381;7;10
382;0;80
382;1;70
382;2;60
382;3;50
382;4;40
382;5;30
382;6;20
382;7;10
383;0;10
383;1;20
383;2;30
383;3;40
383;4;50
383;5;60
383;6;70
383;7;80
384;0;80
384;1;70
384;2;60
384;3;50
384;4;40
384;5;30
384;6;20
384;7;10
385;0;10
385;1;10
385;2;10
385;3;10
385;4;10
385;5;10
385;6;10
385;7;10
386;0;10
386;1;10
386;2;10
386;3;10
386;4;10
386;5;10
386;6;10
386;7;10
387;0;10
387;1;10
387;2;10
387;3;10
387;4;10
387;5;10
387;6;10
387;7;10
388;0;10
388;1;10
388;2;10
388;3;10
388;4;10
388;5;10
388;6;10
388;7;10
389;0;10
389;1;20
389;2;30
389;3;40
389;4;50
389;5;60
389;6;70
389;7;80
390;0;80
390;1;70
390;2;60
390;3;50
390;4;40
390;5;30
390;6;20
390;7;10
391;0;10
391;1;20
391;2;30
391;3;40
391;4;50
391;5;60
391;6;70
391;7;80
392;0;10
392;1;20
392;2;30
392;3;40
392;4;50
392;5;60
392;6;70
392;7;80
393;0;10
393;1;10
393;2;10
393;3;10
393;4;10
393;5;10
393;6;10
393;7;10
394;0;10
394;1;10
394;2;10
394;3;10
394;4;10
394;5;10
394;6;10
394;7;10
395;0;80
395;1;70
395;2;60
395;3;50
395;4;40
395;5;30
395;6;20
395;7;10
396;0;10
396;1;10
396;2;10
396;3;10
396;4;10
396;5;10
396;6;10
396;7;10
397;0;80
397;1;70
397;2;60
397;3;50
397;4;40
397;5;30
397;6;20
397;7;10
398;0;80
398;1;70
398;2;60
398;3;50
398;4;40
398;5;30
398;6;20
398;7;10
399;0;10
399;1;10
399;2;10
399;3;10
399;4;10
399;5;10
399;6;10
399;7;10
400;0;80
400;1;70
400;2;60
400;3;50
400;4;40
400;5;30
400;6;20
400;7;10
401;0;10
401;1;10
401;2;10
401;3;10
401;4;10
401;5;10
401;6;10
401;7;10
402;0;10
402;1;20
402;2;30
402;3;40
402;4;50
402;5;60
402;6;70
402;7;80
403;0;10
403;1;20
403;2;30
403;3;40
403;4;50
403;5;60
403;6;70
403;7;80
404;0;10
404;1;10
404;2;10
404;3;10
404;4;10
404;5;10
404;6;10
404;7;10
405;0;10
405;1;10
405;2;10
405;3;10
405;4;10
405;5;10
405;6;10
405;7;10
406;0;10
406;1;10
406;2;10
406;3;10
406;4;10
406;5;10
406;6;10
406;7;10
407;0;80
407;1;70
407;2;60
407;3;50
407;4;40
407;5;30
407;6;20
407;7;10
408;0;80
408;1;70
408;2;60
408;3;50
408;4;40
408;5;30
408;6;20
408;7;10
409;0;10
409;1;10
409;2;10
409;3;10
409;4;10
409;5;10
409;6;10
409;7;10
410;0;80
410;1;70
410;2;60
410;3;50
410;4;40
410;5;30
410;6;20
410;7;10
411;0;80
411;1;70
411;2;60
411;3;50
411;4;40
411;5;30
411;6;20
411;7;10
412;0;10
412;1;20
412;2;30
412;3;40
412;4;50
412;5;60
412;6;70
412;7;80
413;0;10
413;1;20
413;2;30
413;3;40
413;4;50
413;5;60
413;6;70
413;7;80
414;0;80
414;1;70
414;2;60
414;3;50
414;4;40
414;5;30
414;6;20
414;7;10
415;0;10
415;1;20
415;2;30
415;3;40
415;4;50
415;5;60
415;6;70
415;7;80
416;0;10
416;1;10
416;2;10
416;3;10
416;4;10
416;5;10
416;6;10
416;7;10
417;0;10
417;1;10
417;2;10
417;3;10
417;4;10
417;5;10
417;6;10
417;7;10
418;0;10
418;1;20
418;2;30
418;3;40
418;4;50
418;5;60
418;6;70
418;7;80
419;0;80
419;1;70
419;2;60
419;3;50
419;4;40
419;5;30
419;6;20
419;7;10
420;0;10
420;1;10
420;2;10
420;3;10
420;4;10
420;5;10
420;6;10
420;7;10
421;0;10
421;1;10
421;2;10
421;3;10
421;4;10
421;5;10
421;6;10
421;7;10
422;0;10
422;1;10
422;2;10
422;3;10
422;4;10
422;5;10
422;6;10
422;7;10
423;0;10
423;1;10
423;2;10
423;3;10
423;4;10
423;5;10
423;6;10
423;7;10
424;0;10
424;1;20
424;2;30
424;3;40
424;4;50
424;5;60
424;6;70
424;7;80
425;0;10
425;1;10
425;2;10
425;3;10
425;4;10
425;5;10
425;6;10
425;7;10
426;0;10
426;1;10
426;2;10
426;3;10
426;4;10
426;5;10
426;6;10
426;7;10
427;0;10
427;1;20
427;2;30
427;3;40
427;4;50
427;5;60
427;6;70
427;7;80
428;0;10
428;1;10
428;2;10
428;3;10
428;4;10
428;5;10
428;6;10
428;7;10
429;0;80
429;1;70
429;2;60
429;3;50
429;4;40
429;5;30
429;6;20
429;7;10
430;0;10
430;1;10
430;2;10
430;3;10
430;4;10
430;5;10
430;6;10
430;7;10
431;0;80
431;1;70
431;2;60
431;3;50
431;4;40
431;5;30
431;6;20
431;7;10
432;0;80
432;1;70
432;2;60
432;3;50
432;4;40
432;5;30
432;6;20
432;7;10
433;0;10
433;1;10
433;2;10
433;3;10
433;4;10
433;5;10
433;6;10
433;7;10
434;0;10
434;1;20
434;2;30
434;3;40
434;4;50
434;5;60
434;6;70
434;7;80
435;0;80
435;1;70
435;2;60
435;3;50
435;4;40
435;5;30
435;6;20
435;7;10
436;0;10
436;1;10
436;2;10
436;3;10
436;4;10
436;5;10
436;6;10
436;7;10
437;0;10
437;1;10
437;2;10
437;3;10
437;4;10
437;5;10
437;6;10
437;7;10
438;0;80
438;1;70
438;2;60
438;3;50
438;4;40
438;5;30
438;6;20
438;7;10
439;0;10
439;1;20
439;2;30
439;3;40
439;4;50
439;5;60
439;6;70
439;7;80
440;0;80
440;1;70
440;2;60
440;3;50
440;4;40
440;5;30
440;6;20
440;7;10
441;0;10
441;1;10
441;2;10
441;3;10
441;4;10
441;5;10
441;6;10
441;7;10
442;0;10
442;1;20
442;2;30
442;3;40
442;4;50
442;5;60
442;6;70
442;7;80
443;0;80
443;1;70
443;2;60
443;3;50
443;4;40
443;5;30
443;6;20
443;7;10
444;0;10
444;1;20
444;2;30
444;3;40
444;4;50
444;5;60
444;6;70
444;7;80
445;0;80
445;1;70
445;2;60
445;3;50
445;4;40
445;5;30
445;6;20
445;7;10
446;0;10
446;1;20
446;2;30
446;3;40
446;4;50
446;5;60
446;6;70
446;7;80
447;0;10
447;1;20
447;2;30
447;3;40
447;4;50
447;5;60
447;6;70
447;7;80
448;0;80
448;1;70
448;2;60
448;3;50
448;4;40
448;5;30
448;6;20
448;7;10
449;0;80
449;1;70
449;2;60
449;3;50
449;4;40
449;5;30
449;6;20
449;7;10
450;0;80
450;1;70
450;2;60
450;3;50
450;4;40
450;5;30
450;6;20
450;7;10
451;0;10
451;1;10
451;2;10
451;3;10
451;4;10
451;5;10
451;6;10
451;7;10
452;0;10
452;1;20
452;2;30
452;3;40
452;4;50
452;5;60
452;6;70
452;7;80
453;0;80
453;1;70
453;2;60
453;3;50
453;4;40
453;5;30
453;6;20
453;7;10
454;0;10
454;1;20
454;2;30
454;3;40
454;4;50
454;5;60
454;6;70
454;7;80
455;0;10
455;1;20
455;2;30
455;3;40
455;4;50
455;5;60
455;6;70
455;7;80
456;0;80
456;1;70
456;2;60
456;3;50
456;4;40
456;5;30
456;6;20
456;7;10
457;0;80
457;1;70
457;2;60
457;3;50
457;4;40
457;5;30
457;6;20
457;7;10
458;0;10
458;1;20
458;2;30
458;3;40
458;4;50
458;5;60
458;6;70
458;7;80
459;0;10
459;1;10
459;2;10
459;3;10
459;4;10
459;5;10
459;6;10
459;7;10
460;0;10
460;1;20
460;2;30
460;3;40
460;4;50
460;5;60
460;6;70
460;7;80
461;0;10
461;1;20
461;2;30
461;3;40
461;4;50
461;5;60
461;6;70
461;7;80
462;0;10
462;1;10
462;2;10
462;3;10
462;4;10
462;5;10
462;6;10
462;7;10
463;0;10
463;1;10
463;2;10
463;3;10
463;4;10
463;5;10
463;6;10
463;7;10
464;0;10
464;1;20
464;2;30
464;3;40
464;4;50
464;5;60
464;6;70
464;7;80
465;0;80
465;1;70
465;2;60
465;3;50
465;4;40
465;5;30
465;6;20
465;7;10
466;0;80
466;1;70
466;2;60
466;3;50
466;4;40
466;5;30
466;6;20
466;7;10
467;0;80
467;1;70
467;2;60
467;3;50
467;4;40
467;5;30
467;6;20
467;7;10
468;0;10
468;1;10
468;2;10
468;3;10
468;4;10
468;5;10
468;6;10
468;7;10
469;0;10
469;1;10
469;2;10
469;3;10
469;4;10
469;5;10
469;6;10
469;7;10
470;0;10
470;1;10
470;2;10
470;3;10
470;4;10
470;5;10
470;6;10
470;7;10
471;0;10
471;1;10
471;2;10
471;3;10
471;4;10
471;5;10
471;6;10
471;7;10
472;0;10
472;1;10
472;2;10
472;3;10
472;4;10
472;5;10
472;6;10
472;7;10
473;0;10
473;1;20
473;2;30
473;3;40
473;4;50
473;5;60
473;6;70
473;7;80
474;0;10
474;1;20
474;2;30
474;3;40
474;4;50
474;5;60
474;6;70
474;7;80
475;0;10
475;1;10
475;2;10
475;3;10
475;4;10
475;5;10
475;6;10
475;7;10
476;0;10
476;1;20
476;2;30
476;3;40
476;4;50
476;5;60
476;6;70
476;7;80
477;0;80
477;1;70
477;2;60
477;3;50
477;4;40
477;5;30
477;6;20
477;7;10
478;0;10
478;1;20
478;2;30
478;3;40
478;4;50
478;5;60
478;6;70
478;7;80
479;0;80
479;1;70
479;2;60
479;3;50
479;4;40
479;5;30
479;6;20
479;7;10
480;0;10
480;1;10
480;2;10
480;3;10
480;4;10
480;5;10
480;6;10
480;7;10
481;0;10
481;1;20
481;2;30
481;3;40
481;4;50
481;5;60
481;6;70
481;7;80
482;0;10
482;1;20
482;2;30
482;3;40
482;4;50
482;5;60
482;6;70
482;7;80
483;0;10
483;1;20
483;2;30
483;3;40
483;4;50
483;5;60
483;6;70
483;7;80
484;0;10
484;1;10
484;2;10
484;3;10
484;4;10
484;5;10
484;6;10
484;7;10
485;0;80
485;1;70
485;2;60
485;3;50
485;4;40
485;5;30
485;6;20
485;7;10
486;0;80
486;1;70
486;2;60
486;3;50
486;4;40
486;5;30
486;6;20
486;7;10
487;0;10
487;1;20
487;2;30
487;3;40
487;4;50
487;5;60
487;6;70
487;7;80
488;0;80
488;1;70
488;2;60
488;3;50
488;4;40
488;5;30
488;6;20
488;7;10
489;0;10
489;1;20
489;2;30
489;3;40
489;4;50
489;5;60
489;6;70
489;7;80
490;0;80
490;1;70
490;2;60
490;3;50
490;4;40
490;5;30
490;6;20
490;7;10
491;0;10
491;1;20
491;2;30
491;3;40
491;4;50
491;5;60
491;6;70
491;7;80
492;0;80
492;1;70
492;2;60
492;3;50
492;4;40
492;5;30
492;6;20
492;7;10
493;0;80
493;1;70
493;2;60
493;3;50
493;4;40
493;5;30
493;6;20
493;7;10
494;0;10
494;1;20
494;2;30
494;3;40
494;4;50
494;5;60
494;6;70
494;7;80
495;0;80
495;1;70
495;2;60
495;3;50
495;4;40
495;5;30
495;6;20
495;7;10
496;0;10
496;1;20
496;2;30
496;3;40
496;4;50
496;5;60
496;6;70
496;7;80
497;0;10
497;1;10
497;2;10
497;3;10
497;4;10
497;5;10
497;6;10
497;7;10
498;0;10
498;1;20
498;2;30
498;3;40
498;4;50
498;5;60
498;6;70
498;7;80
499;0;80
499;1;70
499;2;60
499;3;50
499;4;40
499;5;30
499;6;20
499;7;10
500;0;10
500;1;10
500;2;10
500;3;10
500;4;10
500;5;10
500;6;10
500;7;10
501;0;10
501;1;10
501;2;10
501;3;10
501;4;10
501;5;10
501;6;10
501;7;10
502;0;10
502;1;20
502;2;30
502;3;40
502;4;50
502;5;60
502;6;70
502;7;80
503;0;10
503;1;10
503;2;10
503;3;10
503;4;10
503;5;10
503;6;10
503;7;10
504;0;10
504;1;20
504;2;30
504;3;40
504;4;50
504;5;60
504;6;70
504;7;80
505;0;10
505;1;20
505;2;30
505;3;40
505;4;50
505;5;60
505;6;70
505;7;80
506;0;80
506;1;70
506;2;60
506;3;50
506;4;40
506;5;30
506;6;20
506;7;10
507;0;10
507;1;20
507;2;30
507;3;40
507;4;50
507;5;60
507;6;70
507;7;80
508;0;80
508;1;70
508;2;60
508;3;50
508;4;40
508;5;30
508;6;20
508;7;10
509;0;80
509;1;70
509;2;60
509;3;50
509;4;40
509;5;30
509;6;20
509;7;10
510;0;10
510;1;10
510;2;10
510;3;10
510;4;10
510;5;10
510;6;10
510;7;10
511;0;10
511;1;20
511;2;30
511;3;40
511;4;50
511;5;60
511;6;70
511;7;80
512;0;10
512;1;10
512;2;10
512;3;10
512;4;10
512;5;10
512;6;10
512;7;10
513;0;10
513;1;20
513;2;30
513;3;40
513;4;50
513;5;60
513;6;70
513;7;80
514;0;80
514;1;70
514;2;60
514;3;50
514;4;40
514;5;30
514;6;20
514;7;10
515;0;10
515;1;10
515;2;10
515;3;10
515;4;10
515;5;10
515;6;10
515;7;10
516;0;10
516;1;20
516;2;30
516;3;40
516;4;50
516;5;60
516;6;70
516;7;80
517;0;10
517;1;10
517;2;10
517;3;10
517;4;10
517;5;10
517;6;10
517;7;10
518;0;10
518;1;10
518;2;10
518;3;10
518;4;10
518;5;10
518;6;10
518;7;10
519;0;10
519;1;20
519;2;30
519;3;40
519;4;50
519;5;60
519;6;70
519;7;80
520;0;10
520;1;10
520;2;10
520;3;10
520;4;10
520;5;10
520;6;10
520;7;10
521;0;80
521;1;70
521;2;60
521;3;50
521;4;40
521;5;30
521;6;20
521;7;10
522;0;10
522;1;20
522;2;30
522;3;40
522;4;50
522;5;60
522;6;70
522;7;80
523;0;10
523;1;10
523;2;10
523;3;10
523;4;10
523;5;10
523;6;10
523;7;10
524;0;80
524;1;70
524;2;60
524;3;50
524;4;40
524;5;30
524;6;20
524;7;10
525;0;10
525;1;10
525;2;10
525;3;10
525;4;10
525;5;10
525;6;10
525;7;10
526;0;80
526;1;70
526;2;60
526;3;50
526;4;40
526;5;30
526;6;20
526;7;10
527;0;10
527;1;20
527;2;30
527;3;40
527;4;50
527;5;60
527;6;70
527;7;80
528;0;10
528;1;20
528;2;30
528;3;40
528;4;50
528;5;60
528;6;70
528;7;80
529;0;10
529;1;20
529;2;30
529;3;40
529;4;50
529;5;60
529;6;70
529;7;80
530;0;10
530;1;10
530;2;10
530;3;10
530;4;10
530;5;10
530;6;10
530;7;10
531;0;10
531;1;20
531;2;30
531;3;40
531;4;50
531;5;60
531;6;70
531;7;80
532;0;10
532;1;20
532;2;30
532;3;40
532;4;50
532;5;60
532;6;70
532;7;80
533;0;10
533;1;20
533;2;30
533;3;40
533;4;50
533;5;60
533;6;70
533;7;80
534;0;10
534;1;20
534;2;30
534;3;40
534;4;50
534;5;60
534;6;70
534;7;80
535;0;80
535;1;70
535;2;60
535;3;50
535;4;40
535;5;30
535;6;20
535;7;10
536;0;10
536;1;10
536;2;10
536;3;10
536;4;10
536;5;10
536;6;10
536;7;10
537;0;10
537;1;20
537;2;30
537;3;40
537;4;50
537;5;60
537;6;70
537;7;80
538;0;80
538;1;70
538;2;60
538;3;50
538;4;40
538;5;30
538;6;20
538;7;10
539;0;80
539;1;70
539;2;60
539;3;50
539;4;40
539;5;30
539;6;20
539;7;10
540;0;10
540;1;20
540;2;30
540;3;40
540;4;50
540;5;60
540;6;70
540;7;80
541;0;10
541;1;20
541;2;30
541;3;40
541;4;50
541;5;60
541;6;70
541;7;80
542;0;10
542;1;20
542;2;30
542;3;40
542;4;50
542;5;60
542;6;70
542;7;80
543;0;80
543;1;70
543;2;60
543;3;50
543;4;40
543;5;30
543;6;20
543;7;10
544;0;80
544;1;70
544;2;60
544;3;50
544;4;40
544;5;30
544;6;20
544;7;10
545;0;10
545;1;20
545;2;30
545;3;40
545;4;50
545;5;60
545;6;70
545;7;80
546;0;10
546;1;10
546;2;10
546;3;10
546;4;10
546;5;10
546;6;10
546;7;10
547;0;10
547;1;10
547;2;10
547;3;10
547;4;10
547;5;10
547;6;10
547;7;10
548;0;10
548;1;10
548;2;10
548;3;10
548;4;10
548;5;10
548;6;10
548;7;10
549;0;10
549;1;10
549;2;10
549;3;10
549;4;10
549;5;10
549;6;10
549;7;10
550;0;10
550;1;10
550;2;10
550;3;10
550;4;10
550;5;10
550;6;10
550;7;10
551;0;10
551;1;20
551;2;30
551;3;40
551;4;50
551;5;60
551;6;70
551;7;80
552;0;10
552;1;10
552;2;10
552;3;10
552;4;10
552;5;10
552;6;10
552;7;10
553;0;80
553;1;70
553;2;60
553;3;50
553;4;40
553;5;30
553;6;20
553;7;10
554;0;10
554;1;20
554;2;30
554;3;40
554;4;50
554;5;60
554;6;70
554;7;80
555;0;80
555;1;70
555;2;60
555;3;50
555;4;40
555;5;30
555;6;20
555;7;10
556;0;80
556;1;70
556;2;60
556;3;50
556;4;40
556;5;30
556;6;20
556;7;10
557;0;10
557;1;10
557;2;10
557;3;10
557;4;10
557;5;10
557;6;10
557;7;10
558;0;10
558;1;10
558;2;10
558;3;10
558;4;10
558;5;10
558;6;10
558;7;10
559;0;10
559;1;10
559;2;10
559;3;10
559;4;10
559;5;10
559;6;10
559;7;10
560;0;10
560;1;10
560;2;10
560;3;10
560;4;10
560;5;10
560;6;10
560;7;10
561;0;10
561;1;10
561;2;10
561;3;10
561;4;10
561;5;10
561;6;10
561;7;10
562;0;10
562;1;20
562;2;30
562;3;40
562;4;50
562;5;60
562;6;70
562;7;80
563;0;80
563;1;70
563;2;60
563;3;50
563;4;40
563;5;30
563;6;20
563;7;10
564;0;80
564;1;70
564;2;60
564;3;50
564;4;40
564;5;30
564;6;20
564;7;10
565;0;10
565;1;20
565;2;30
565;3;40
565;4;50
565;5;60
565;6;70
565;7;80
566;0;10
566;1;10
566;2;10
566;3;10
566;4;10
566;5;10
566;6;10
566;7;10
567;0;10
567;1;20
567;2;30
567;3;40
567;4;50
567;5;60
567;6;70
567;7;80
568;0;10
568;1;20
568;2;30
568;3;40
568;4;50
568;5;60
568;6;70
568;7;80
569;0;10
569;1;10
569;2;10
569;3;10
569;4;10
569;5;10
569;6;10
569;7;10
570;0;80
570;1;70
570;2;60
570;3;50
570;4;40
570;5;30
570;6;20
570;7;10
571;0;10
571;1;10
571;2;10
571;3;10
571;4;10
571;5;10
571;6;10
571;7;10
572;0;80
572;1;70
572;2;60
572;3;50
572;4;40
572;5;30
572;6;20
572;7;10
573;0;80
573;1;70
573;2;60
573;3;50
573;4;40
573;5;30
573;6;20
573;7;10
574;0;10
574;1;20
574;2;30
574;3;40
574;4;50
574;5;60
574;6;70
574;7;80
575;0;10
575;1;20
575;2;30
575;3;40
575;4;50
575;5;60
575;6;70
575;7;80
576;0;80
576;1;70
576;2;60
576;3;50
576;4;40
576;5;30
576;6;20
576;7;10
577;0;10
577;1;20
577;2;30
577;3;40
577;4;50
577;5;60
577;6;70
577;7;80
578;0;10
578;1;10
578;2;10
578;3;10
578;4;10
578;5;10
578;6;10
578;7;10
579;0;10
579;1;20
579;2;30
579;3;40
579;4;50
579;5;60
579;6;70
579;7;80
580;0;10
580;1;20
580;2;30
580;3;40
580;4;50
580;5;60
580;6;70
580;7;80
581;0;10
581;1;10
581;2;10
581;3;10
581;4;10
581;5;10
581;6;10
581;7;10
582;0;10
582;1;20
582;2;30
582;3;40
582;4;50
582;5;60
582;6;70
582;7;80
583;0;10
583;1;10
583;2;10
583;3;10
583;4;10
583;5;10
583;6;10
583;7;10
584;0;10
584;1;20
584;2;30
584;3;40
584;4;50
584;5;60
584;6;70
584;7;80
585;0;80
585;1;70
585;2;60
585;3;50
585;4;40
585;5;30
585;6;20
585;7;10
586;0;10
586;1;20
586;2;30
586;3;40
586;4;50
586;5;60
586;6;70
586;7;80
587;0;10
587;1;20
587;2;30
587;3;40
587;4;50
587;5;60
587;6;70
587;7;80
588;0;80
588;1;70
588;2;60
588;3;50
588;4;40
588;5;30
588;6;20
588;7;10
589;0;10
589;1;20
589;2;30
589;3;40
589;4;50
589;5;60
589;6;70
589;7;80
590;0;80
590;1;70
590;2;60
590;3;50
590;4;40
590;5;30
590;6;20
590;7;10
591;0;10
591;1;10
591;2;10
591;3;10
591;4;10
591;5;10
591;6;10
591;7;10
592;0;10
592;1;20
592;2;30
592;3;40
592;4;50
592;5;60
592;6;70
592;7;80
593;0;10
593;1;10
593;2;10
593;3;10
593;4;10
593;5;10
593;6;10
593;7;10
594;0;10
594;1;10
594;2;10
594;3;10
594;4;10
594;5;10
594;6;10
594;7;10
595;0;10
595;1;10
595;2;10
595;3;10
595;4;10
595;5;10
595;6;10
595;7;10
596;0;10
596;1;20
596;2;30
596;3;40
596;4;50
596;5;60
596;6;70
596;7;80
597;0;10
597;1;10
597;2;10
597;3;10
597;4;10
597;5;10
597;6;10
597;7;10
598;0;80
598;1;70
598;2;60
598;3;50
598;4;40
598;5;30
598;6;20
598;7;10
599;0;10
599;1;10
599;2;10
599;3;10
599;4;10
599;5;10
599;6;10
599;7;10
600;0;10
600;1;20
600;2;30
600;3;40
600;4;50
600;5;60
600;6;70
600;7;80
601;0;80
601;1;70
601;2;60
601;3;50
601;4;40
601;5;30
601;6;20
601;7;10
602;0;10
602;1;10
602;2;10
602;3;10
602;4;10
602;5;10
602;6;10
602;7;10
603;0;10
603;1;20
603;2;30
603;3;40
603;4;50
603;5;60
603;6;70
603;7;80
604;0;80
604;1;70
604;2;60
604;3;50
604;4;40
604;5;30
604;6;20
604;7;10
605;0;10
605;1;10
605;2;10
605;3;10
605;4;10
605;5;10
605;6;10
605;7;10
606;0;80
606;1;70
606;2;60
606;3;50
606;4;40
606;5;30
606;6;20
606;7;10
607;0;10
607;1;10
607;2;10
607;3;10
607;4;10
607;5;10
607;6;10
607;7;10
608;0;10
608;1;10
608;2;10
608;3;10
608;4;10
608;5;10
608;6;10
608;7;10
609;0;10
609;1;20
609;2;30
609;3;40
609;4;50
609;5;60
609;6;70
609;7;80
610;0;80
610;1;70
610;2;60
610;3;50
610;4;40
610;5;30
610;6;20
610;7;10
611;0;10
611;1;20
611;2;30
611;3;40
611;4;50
611;5;60
611;6;70
611;7;80
612;0;80
612;1;70
612;2;60
612;3;50
612;4;40
612;5;30
612;6;20
612;7;10
613;0;80
613;1;70
613;2;60
613;3;50
613;4;40
613;5;30
613;6;20
613;7;10
614;0;10
614;1;10
614;2;10
614;3;10
614;4;10
614;5;10
614;6;10
614;7;10
615;0;80
615;1;70
615;2;60
615;3;50
615;4;40
615;5;30
615;6;20
615;7;10
616;0;80
616;1;70
616;2;60
616;3;50
616;4;40
616;5;30
616;6;20
616;7;10
617;0;10
617;1;10
617;2;10
617;3;10
617;4;10
617;5;10
617;6;10
617;7;10
618;0;10
618;1;10
618;2;10
618;3;10
618;4;10
618;5;10
618;6;10
618;7;10
619;0;80
619;1;70
619;2;60
619;3;50
619;4;40
619;5;30
619;6;20
619;7;10
620;0;80
620;1;70
620;2;60
620;3;50
620;4;40
620;5;30
620;6;20
620;7;10
621;0;10
621;1;20
621;2;30
621;3;40
621;4;50
621;5;60
621;6;70
621;7;80
622;0;10
622;1;20
622;2;30
622;3;40
622;4;50
622;5;60
622;6;70
622;7;80
623;0;10
623;1;20
623;2;30
623;3;40
623;4;50
623;5;60
623;6;70
623;7;80
624;0;80
624;1;70
624;2;60
624;3;50
624;4;40
624;5;30
624;6;20
624;7;10
625;0;10
625;1;10
625;2;10
625;3;10
625;4;10
625;5;10
625;6;10
625;7;10
626;0;10
626;1;10
626;2;10
626;3;10
626;4;10
626;5;10
626;6;10
626;7;10
627;0;80
627;1;70
627;2;60
627;3;50
627;4;40
627;5;30
627;6;20
627;7;10
628;0;10
628;1;10
628;2;10
628;3;10
628;4;10
628;5;10
628;6;10
628;7;10
629;0;10
629;1;10
629;2;10
629;3;10
629;4;10
629;5;10
629;6;10
629;7;10
630;0;10
630;1;10
630;2;10
630;3;10
630;4;10
630;5;10
630;6;10
630;7;10
631;0;10
631;1;10
631;2;10
631;3;10
631;4;10
631;5;10
631;6;10
631;7;10
632;0;80
632;1;70
632;2;60
632;3;50
632;4;40
632;5;30
632;6;20
632;7;10
633;0;10
633;1;10
633;2;10
633;3;10
633;4;10
633;5;10
633;6;10
633;7;10
634;0;80
634;1;70
634;2;60
634;3;50
634;4;40
634;5;30
634;6;20
634;7;10
635;0;10
635;1;10
635;2;10
635;3;10
635;4;10
635;5;10
635;6;10
635;7;10
636;0;10
636;1;10
636;2;10
636;3;10
636;4;10
636;5;10
636;6;10
636;7;10
637;0;10
637;1;20
637;2;30
637;3;40
637;4;50
637;5;60
637;6;70
637;7;80
638;0;80
638;1;70
638;2;60
638;3;50
638;4;40
638;5;30
638;6;20
638;7;10
639;0;80
639;1;70
639;2;60
639;3;50
639;4;40
639;5;30
639;6;20
639;7;10
640;0;10
640;1;10
640;2;10
640;3;10
640;4;10
640;5;10
640;6;10
640;7;10
641;0;10
641;1;20
641;2;30
641;3;40
641;4;50
641;5;60
641;6;70
641;7;80
642;0;10
642;1;20
642;2;30
642;3;40
642;4;50
642;5;60
642;6;70
642;7;80
643;0;80
643;1;70
643;2;60
643;3;50
643;4;40
643;5;30
643;6;20
643;7;10
644;0;10
644;1;20
644;2;30
644;3;40
644;4;50
644;5;60
644;6;70
644;7;80
645;0;10
645;1;20
645;2;30
645;3;40
645;4;50
645;5;60
645;6;70
645;7;80
646;0;10
646;1;10
646;2;10
646;3;10
646;4;10
646;5;10
646;6;10
646;7;10
647;0;80
647;1;70
647;2;60
647;3;50
647;4;40
647;5;30
647;6;20
647;7;10
648;0;80
648;1;70
648;2;60
648;3;50
648;4;40
648;5;30
648;6;20
648;7;10
649;0;10
649;1;20
649;2;30
649;3;40
649;4;50
649;5;60
649;6;70
649;7;80
650;0;80
650;1;70
650;2;60
650;3;50
650;4;40
650;5;30
650;6;20
650;7;10
651;0;80
651;1;70
651;2;60
651;3;50
651;4;40
651;5;30
651;6;20
651;7;10
652;0;10
652;1;10
652;2;10
652;3;10
652;4;10
652;5;10
652;6;10
652;7;10
653;0;80
653;1;70
653;2;60
653;3;50
653;4;40
653;5;30
653;6;20
653;7;10
654;0;80
654;1;70
654;2;60
654;3;50
654;4;40
654;5;30
654;6;20
654;7;10
655;0;10
655;1;10
655;2;10
655;3;10
655;4;10
655;5;10
655;6;10
655;7;10
656;0;80
656;1;70
656;2;60
656;3;50
656;4;40
656;5;30
656;6;20
656;7;10
657;0;80
657;1;70
657;2;60
657;3;50
657;4;40
657;5;30
657;6;20
657;7;10
658;0;10
658;1;10
658;2;10
658;3;10
658;4;10
658;5;10
658;6;10
658;7;10
659;0;10
659;1;10
659;2;10
659;3;10
659;4;10
659;5;10
659;6;10
659;7;10
660;0;80
660;1;70
660;2;60
660;3;50
660;4;40
660;5;30
660;6;20
660;7;10
661;0;80
661;1;70
661;2;60
661;3;50
661;4;40
661;5;30
661;6;20
661;7;10
662;0;10
662;1;10
662;2;10
662;3;10
662;4;10
662;5;10
662;6;10
662;7;10
663;0;10
663;1;10
663;2;10
663;3;10
663;4;10
663;5;10
663;6;10
663;7;10
664;0;80
664;1;70
664;2;60
664;3;50
664;4;40
664;5;30
664;6;20
664;7;10
665;0;80
665;1;70
665;2;60
665;3;50
665;4;40
665;5;30
665;6;20
665;7;10
666;0;10
666;1;20
666;2;30
666;3;40
666;4;50
666;5;60
666;6;70
666;7;80
667;0;10
667;1;10
667;2;10
667;3;10
667;4;10
667;5;10
667;6;10
667;7;10
668;0;80
668;1;70
668;2;60
668;3;50
668;4;40
668;5;30
668;6;20
668;7;10
669;0;10
669;1;20
669;2;30
669;3;40
669;4;50
669;5;60
669;6;70
669;7;80
670;0;80
670;1;70
670;2;60
670;3;50
670;4;40
670;5;30
670;6;20
670;7;10
671;0;80
671;1;70
671;2;60
671;3;50
671;4;40
671;5;30
671;6;20
671;7;10
672;0;10
672;1;10
672;2;10
672;3;10
672;4;10
672;5;10
672;6;10
672;7;10
673;0;10
673;1;20
673;2;30
673;3;40
673;4;50
673;5;60
673;6;70
673;7;80
674;0;10
674;1;10
674;2;10
674;3;10
674;4;10
674;5;10
674;6;10
674;7;10
675;0;80
675;1;70
675;2;60
675;3;50
675;4;40
675;5;30
675;6;20
675;7;10
676;0;10
676;1;10
676;2;10
676;3;10
676;4;10
676;5;10
676;6;10
676;7;10
677;0;80
677;1;70
677;2;60
677;3;50
677;4;40
677;5;30
677;6;20
677;7;10
678;0;80
678;1;70
678;2;60
678;3;50
678;4;40
678;5;30
678;6;20
678;7;10
679;0;10
679;1;10
679;2;10
679;3;10
679;4;10
679;5;10
679;6;10
679;7;10
680;0;80
680;1;70
680;2;60
680;3;50
680;4;40
680;5;30
680;6;20
680;7;10
681;0;10
681;1;10
681;2;10
681;3;10
681;4;10
681;5;10
681;6;10
681;7;10
682;0;10
682;1;10
682;2;10
682;3;10
682;4;10
682;5;10
682;6;10
682;7;10
683;0;10
683;1;20
683;2;30
683;3;40
683;4;50
683;5;60
683;6;70
683;7;80
684;0;10
684;1;10
684;2;10
684;3;10
684;4;10
684;5;10
684;6;10
684;7;10
685;0;10
685;1;20
685;2;30
685;3;40
685;4;50
685;5;60
685;6;70
685;7;80
686;0;10
686;1;10
686;2;10
686;3;10
686;4;10
686;5;10
686;6;10
686;7;10
687;0;80
687;1;70
687;2;60
687;3;50
687;4;40
687;5;30
687;6;20
687;7;10
688;0;10
688;1;20
688;2;30
688;3;40
688;4;50
688;5;60
688;6;70
688;7;80
689;0;10
689;1;10
689;2;10
689;3;10
689;4;10
689;5;10
689;6;10
689;7;10
690;0;80
690;1;70
690;2;60
690;3;50
690;4;40
690;5;30
690;6;20
690;7;10
691;0;80
691;1;70
691;2;60
691;3;50
691;4;40
691;5;30
691;6;20
691;7;10
692;0;80
692;1;70
692;2;60
692;3;50
692;4;40
692;5;30
692;6;20
692;7;10
693;0;80
693;1;70
693;2;60
693;3;50
693;4;40
693;5;30
693;6;20
693;7;10
694;0;10
694;1;20
694;2;30
694;3;40
694;4;50
694;5;60
694;6;70
694;7;80
695;0;80
695;1;70
695;2;60
695;3;50
695;4;40
695;5;30
695;6;20
695;7;10
696;0;80
696;1;70
696;2;60
696;3;50
696;4;40
696;5;30
696;6;20
696;7;10
697;0;10
697;1;20
697;2;30
697;3;40
697;4;50
697;5;60
697;6;70
697;7;80
698;0;10
698;1;20
698;2;30
698;3;40
698;4;50
698;5;60
698;6;70
698;7;80
699;0;80
699;1;70
699;2;60
699;3;50
699;4;40
699;5;30
699;6;20
699;7;10
700;0;80
700;1;70
700;2;60
700;3;50
700;4;40
700;5;30
700;6;20
700;7;10
701;0;10
701;1;10
701;2;10
701;3;10
701;4;10
701;5;10
701;6;10
701;7;10
702;0;10
702;1;20
702;2;30
702;3;40
702;4;50
702;5;60
702;6;70
702;7;80
703;0;80
703;1;70
703;2;60
703;3;50
703;4;40
703;5;30
703;6;20
703;7;10
704;0;10
704;1;10
704;2;10
704;3;10
704;4;10
704;5;10
704;6;10
704;7;10
705;0;80
705;1;70
705;2;60
705;3;50
705;4;40
705;5;30
705;6;20
705;7;10
706;0;80
706;1;70
706;2;60
706;3;50
706;4;40
706;5;30
706;6;20
706;7;10
707;0;80
707;1;70
707;2;60
707;3;50
707;4;40
707;5;30
707;6;20
707;7;10
708;0;10
708;1;20
708;2;30
708;3;40
708;4;50
708;5;60
708;6;70
708;7;80
709;0;80
709;1;70
709;2;60
709;3;50
709;4;40
709;5;30
709;6;20
709;7;10
710;0;80
710;1;70
710;2;60
710;3;50
710;4;40
710;5;30
710;6;20
710;7;10
711;0;80
711;1;70
711;2;60
711;3;50
711;4;40
711;5;30
711;6;20
711;7;10
712;0;10
712;1;20
712;2;30
712;3;40
712;4;50
712;5;60
712;6;70
712;7;80
713;0;10
713;1;10
713;2;10
713;3;10
713;4;10
713;5;10
713;6;10
713;7;10
714;0;80
714;1;70
714;2;60
714;3;50
714;4;40
714;5;30
714;6;20
714;7;10
715;0;10
715;1;20
715;2;30
715;3;40
715;4;50
715;5;60
715;6;70
715;7;80
716;0;10
716;1;10
716;2;10
716;3;10
716;4;10
716;5;10
716;6;10
716;7;10
717;0;80
717;1;70
717;2;60
717;3;50
717;4;40
717;5;30
717;6;20
717;7;10
718;0;10
718;1;10
718;2;10
718;3;10
718;4;10
718;5;10
718;6;10
718;7;10
719;0;80
719;1;70
719;2;60
719;3;50
719;4;40
719;5;30
719;6;20
719;7;10
720;0;10
720;1;20
720;2;30
720;3;40
720;4;50
720;5;60
720;6;70
720;7;80
721;0;10
721;1;10
721;2;10
721;3;10
721;4;10
721;5;10
721;6;10
721;7;10
722;0;80
722;1;70
722;2;60
722;3;50
722;4;40
722;5;30
722;6;20
722;7;10
723;0;80
723;1;70
723;2;60
723;3;50
723;4;40
723;5;30
723;6;20
723;7;10
724;0;80
724;1;70
724;2;60
724;3;50
724;4;40
724;5;30
724;6;20
724;7;10
725;0;10
725;1;10
725;2;10
725;3;10
725;4;10
725;5;10
725;6;10
725;7;10
726;0;80
726;1;70
726;2;60
726;3;50
726;4;40
726;5;30
726;6;20
726;7;10
727;0;10
727;1;10
727;2;10
727;3;10
727;4;10
727;5;10
727;6;10
727;7;10
728;0;10
728;1;20
728;2;30
728;3;40
728;4;50
728;5;60
728;6;70
728;7;80
729;0;10
729;1;10
729;2;10
729;3;10
729;4;10
729;5;10
729;6;10
729;7;10
730;0;10
730;1;10
730;2;10
730;3;10
730;4;10
730;5;10
730;6;10
730;7;10
731;0;10
731;1;10
731;2;10
731;3;10
731;4;10
731;5;10
731;6;10
731;7;10
732;0;80
732;1;70
732;2;60
732;3;50
732;4;40
732;5;30
732;6;20
732;7;10
733;0;80
733;1;70
733;2;60
733;3;50
733;4;40
733;5;30
733;6;20
733;7;10
734;0;10
734;1;10
734;2;10
734;3;10
734;4;10
734;5;10
734;6;10
734;7;10
735;0;10
735;1;20
735;2;30
735;3;40
735;4;50
735;5;60
735;6;70
735;7;80
736;0;80
736;1;70
736;2;60
736;3;50
736;4;40
736;5;30
736;6;20
736;7;10
737;0;80
737;1;70
737;2;60
737;3;50
737;4;40
737;5;30
737;6;20
737;7;10
738;0;10
738;1;20
738;2;30
738;3;40
738;4;50
738;5;60
738;6;70
738;7;80
739;0;10
739;1;10
739;2;10
739;3;10
739;4;10
739;5;10
739;6;10
739;7;10
740;0;80
740;1;70
740;2;60
740;3;50
740;4;40
740;5;30
740;6;20
740;7;10
741;0;10
741;1;20
741;2;30
741;3;40
741;4;50
741;5;60
741;6;70
741;7;80
742;0;10
742;1;10
742;2;10
742;3;10
742;4;10
742;5;10
742;6;10
742;7;10
743;0;10
743;1;20
743;2;30
743;3;40
743;4;50
743;5;60
743;6;70
743;7;80
744;0;80
744;1;70
744;2;60
744;3;50
744;4;40
744;5;30
744;6;20
744;7;10
745;0;10
745;1;20
745;2;30
745;3;40
745;4;50
745;5;60
745;6;70
745;7;80
746;0;10
746;1;10
746;2;10
746;3;10
746;4;10
746;5;10
746;6;10
746;7;10
747;0;80
747;1;70
747;2;60
747;3;50
747;4;40
747;5;30
747;6;20
747;7;10
748;0;10
748;1;20
748;2;30
748;3;40
748;4;50
748;5;60
748;6;70
748;7;80
749;0;80
749;1;70
749;2;60
749;3;50
749;4;40
749;5;30
749;6;20
749;7;10
750;0;80
750;1;70
750;2;60
750;3;50
750;4;40
750;5;30
750;6;20
750;7;10
751;0;10
751;1;10
751;2;10
751;3;10
751;4;10
751;5;10
751;6;10
751;7;10
752;0;10
752;1;10
752;2;10
752;3;10
752;4;10
752;5;10
752;6;10
752;7;10
753;0;10
753;1;10
753;2;10
753;3;10
753;4;10
753;5;10
753;6;10
753;7;10
754;0;10
754;1;10
754;2;10
754;3;10
754;4;10
754;5;10
754;6;10
754;7;10
755;0;80
755;1;70
755;2;60
755;3;50
755;4;40
755;5;30
755;6;20
755;7;10
756;0;10
756;1;20
756;2;30
756;3;40
756;4;50
756;5;60
756;6;70
756;7;80
757;0;10
757;1;10
757;2;10
757;3;10
757;4;10
757;5;10
757;6;10
757;7;10
758;0;10
758;1;20
758;2;30
758;3;40
758;4;50
758;5;60
758;6;70
758;7;80
