400;200;911
0;0;70
1;0;10
1;1;100
1;3;70
2;0;10
2;4;100
2;6;10
3;1;100
3;2;100
3;3;10
3;7;70
3;9;50
4;2;70
4;3;50
4;10;50
4;12;100
5;2;50
5;3;100
5;13;100
5;15;10
6;4;10
6;5;10
6;6;70
6;16;100
6;18;100
7;5;10
7;6;70
7;19;70
7;21;70
8;5;100
8;6;100
8;22;70
8;24;70
9;7;10
9;8;100
9;9;50
9;25;50
9;27;50
10;8;10
10;9;10
10;28;70
10;30;50
11;8;70
11;9;10
11;31;50
11;33;70
12;8;100
12;9;100
12;34;50
12;36;100
13;10;10
13;11;100
13;12;10
13;37;100
13;39;100
14;11;50
14;12;70
14;40;50
14;42;50
15;11;10
15;12;100
15;43;10
15;45;10
16;11;100
16;12;50
16;46;70
16;48;100
17;13;50
17;14;50
17;15;100
17;49;50
17;51;70
18;14;70
18;15;10
18;52;70
18;54;10
19;14;10
19;15;50
19;55;100
19;57;50
20;14;10
20;15;50
20;58;100
20;60;100
21;16;10
21;17;10
21;18;100
21;61;50
21;63;70
22;17;70
22;18;50
22;64;50
22;66;50
23;17;100
23;18;10
23;67;10
23;69;10
24;17;100
24;18;70
24;70;50
24;72;70
25;19;100
25;20;70
25;21;70
25;73;10
25;75;50
26;20;70
26;21;10
26;76;50
26;78;50
27;20;100
27;21;70
27;79;50
27;81;10
28;20;10
28;21;100
28;82;100
28;84;10
29;22;100
29;23;50
29;24;50
29;85;10
29;87;70
30;23;50
30;24;100
30;88;10
30;90;100
31;23;10
31;24;50
31;91;50
31;93;100
32;23;50
32;24;50
32;94;70
32;96;100
33;25;70
33;26;50
33;27;100
33;97;70
33;99;10
34;26;100
34;27;50
34;100;10
34;102;50
35;26;100
35;27;50
35;103;50
35;105;70
36;26;50
36;27;70
36;106;50
36;108;100
37;26;100
37;27;10
37;109;50
37;111;70
38;28;70
38;29;50
38;30;50
38;112;100
38;114;100
39;29;10
39;30;10
39;115;100
39;117;50
40;29;50
40;30;10
40;118;100
40;120;10
41;29;50
41;30;50
41;121;70
41;123;10
42;29;50
42;30;10
42;124;50
42;126;10
43;31;70
43;32;10
43;33;10
43;127;70
43;129;100
44;32;50
44;33;10
44;130;100
44;132;50
45;32;50
45;33;100
45;133;50
45;135;100
46;32;70
46;33;100
46;136;50
46;138;50
47;32;50
47;33;100
47;139;10
47;141;70
48;34;70
48;35;100
48;36;50
48;142;10
48;144;70
49;35;50
49;36;100
49;145;50
49;147;70
50;35;50
50;36;70
50;148;100
50;150;70
51;35;100
51;36;70
51;151;50
51;153;100
52;35;70
52;36;70
52;154;100
52;156;70
53;37;10
53;38;100
53;39;70
53;157;50
53;159;70
54;38;10
54;39;50
54;160;50
54;162;50
55;38;10
55;39;10
55;163;70
55;165;70
56;38;50
56;39;50
56;166;100
56;168;100
57;38;50
57;39;50
57;169;50
57;171;70
58;40;10
58;41;100
58;42;70
58;172;50
58;174;100
59;41;10
59;42;100
59;175;100
59;177;100
60;41;100
60;42;50
60;178;50
60;180;50
61;41;70
61;42;50
61;181;70
61;183;50
62;41;50
62;42;10
62;184;100
62;186;70
63;43;10
63;44;10
63;45;70
63;187;100
63;189;70
64;44;70
64;45;100
64;190;70
64;192;100
65;44;50
65;45;10
65;193;10
65;195;50
66;44;100
66;45;100
66;196;10
66;198;100
67;44;10
67;45;10
67;199;50
68;46;100
68;47;50
68;48;100
69;47;100
69;48;70
70;47;10
70;48;100
71;47;100
71;48;10
72;47;100
72;48;100
73;49;50
73;50;50
73;51;70
74;50;70
74;51;100
75;50;50
75;51;70
76;50;50
76;51;10
77;50;70
77;51;70
78;52;100
78;53;10
78;54;100
79;53;100
79;54;50
80;53;100
80;54;50
81;53;100
81;54;70
82;53;10
82;54;50
83;55;10
83;56;10
83;57;70
84;56;10
84;57;100
85;56;70
85;57;50
86;56;100
86;57;10
87;56;100
87;57;70
88;58;100
88;59;10
88;60;10
89;59;100
89;60;50
90;59;10
90;60;10
91;59;50
91;60;70
92;59;100
92;60;50
93;61;10
93;62;50
93;63;100
94;62;50
94;63;70
95;62;50
95;63;50
96;62;100
96;63;10
97;62;10
97;63;50
98;64;70
98;65;100
98;66;50
99;65;70
99;66;10
100;65;70
100;66;70
101;65;10
101;66;10
102;65;70
102;66;70
103;67;50
103;68;10
103;69;70
104;68;70
104;69;70
105;68;100
105;69;10
106;68;100
106;69;10
107;68;70
107;69;50
108;70;70
108;71;70
108;72;50
109;71;50
109;72;100
110;71;70
110;72;70
111;71;100
111;72;50
112;71;100
112;72;50
113;73;70
113;74;10
113;75;70
114;74;100
114;75;50
115;74;10
115;75;10
116;74;10
116;75;100
117;74;70
117;75;100
118;76;10
118;77;10
118;78;100
119;77;100
119;78;10
120;77;70
120;78;70
121;77;70
121;78;50
122;77;10
122;78;50
123;79;10
123;80;10
123;81;70
124;80;10
124;81;50
125;80;10
125;81;50
126;80;50
126;81;100
127;80;50
127;81;100
128;82;50
128;83;100
128;84;50
129;83;100
129;84;50
130;83;100
130;84;10
131;83;100
131;84;70
132;83;10
132;84;10
133;85;50
133;86;10
133;87;50
134;86;10
134;87;70
135;86;50
135;87;10
136;86;70
136;87;10
137;86;100
137;87;70
138;88;70
138;89;10
138;90;100
139;89;10
139;90;50
140;89;10
140;90;50
141;89;100
141;90;50
142;89;10
142;90;70
143;91;10
143;92;70
143;93;10
144;92;10
144;93;100
145;92;10
145;93;10
146;92;50
146;93;70
147;92;50
147;93;70
148;94;100
148;95;50
148;96;10
149;95;70
149;96;10
150;95;70
150;96;50
151;95;70
151;96;100
152;95;10
152;96;10
153;97;100
153;98;10
153;99;70
154;98;10
154;99;100
155;98;100
155;99;10
156;98;100
156;99;100
157;98;50
157;99;100
158;98;10
158;99;50
159;100;10
159;101;50
159;102;100
160;101;100
160;102;70
161;101;70
161;102;10
162;101;70
162;102;100
163;101;50
163;102;50
164;101;70
164;102;50
165;103;50
165;104;50
165;105;50
166;104;10
166;105;70
167;104;70
167;105;70
168;104;100
168;105;70
169;104;70
169;105;100
170;104;50
170;105;50
171;106;10
171;107;70
171;108;50
172;107;70
172;108;10
173;107;10
173;108;50
174;107;70
174;108;10
175;107;50
175;108;50
176;107;50
176;108;10
177;109;50
177;110;50
177;111;70
178;110;50
178;111;100
179;110;100
179;111;50
180;110;10
180;111;100
181;110;50
181;111;10
182;110;10
182;111;10
183;112;70
183;113;100
183;114;50
184;113;10
184;114;100
185;113;70
185;114;50
186;113;50
186;114;70
187;113;70
187;114;100
188;113;100
188;114;100
189;115;70
189;116;10
189;117;70
190;116;50
190;117;10
191;116;10
191;117;100
192;116;70
192;117;70
193;116;10
193;117;70
194;116;100
194;117;50
195;118;10
195;119;10
195;120;100
196;119;10
196;120;10
197;119;100
197;120;100
198;119;100
198;120;50
199;119;50
199;120;10
200;119;10
200;120;10
201;121;100
201;122;50
201;123;70
202;122;70
202;123;70
203;122;10
203;123;100
204;122;10
204;123;10
205;122;50
205;123;100
206;122;50
206;123;50
207;124;10
207;125;10
207;126;50
208;125;100
208;126;10
209;125;100
209;126;10
210;125;70
210;126;100
211;125;10
211;126;50
212;125;100
212;126;100
213;127;10
213;128;70
213;129;70
214;128;70
214;129;10
215;128;10
215;129;50
216;128;10
216;129;50
217;128;70
217;129;50
218;128;70
218;129;50
219;130;100
219;131;10
219;132;50
220;131;50
220;132;10
221;131;100
221;132;70
222;131;100
222;132;70
223;131;100
223;132;70
224;131;70
224;132;100
225;133;50
225;134;100
225;135;10
226;134;100
226;135;100
227;134;70
227;135;10
228;134;10
228;135;50
229;134;70
229;135;50
230;134;10
230;135;100
231;136;10
231;137;50
231;138;10
232;137;50
232;138;50
233;137;10
233;138;100
234;137;70
234;138;50
235;137;100
235;138;70
236;137;100
236;138;100
237;139;70
237;140;100
237;141;70
238;140;50
238;141;50
239;140;10
239;141;70
240;140;70
240;141;70
241;140;10
241;141;10
242;140;10
242;141;100
243;142;70
243;143;50
243;144;70
244;143;100
244;144;10
245;143;100
245;144;50
246;143;100
246;144;100
247;143;50
247;144;70
248;143;10
248;144;50
249;145;70
249;146;50
249;147;100
250;146;10
250;147;10
251;146;50
251;147;100
252;146;50
252;147;10
253;146;70
253;147;100
254;146;100
254;147;50
255;148;70
255;149;100
255;150;100
256;149;100
256;150;100
257;149;10
257;150;10
258;149;10
258;150;70
259;149;70
259;150;70
260;149;10
260;150;100
261;151;50
261;152;100
261;153;100
262;152;70
262;153;10
263;152;70
263;153;70
264;152;50
264;153;100
265;152;70
265;153;50
266;152;100
266;153;10
267;154;10
267;155;70
267;156;50
268;155;100
268;156;50
269;155;10
269;156;100
270;155;100
270;156;100
271;155;10
271;156;70
272;155;70
272;156;100
273;157;100
273;158;70
273;159;100
274;158;50
274;159;50
275;158;50
275;159;100
276;158;10
276;159;50
277;158;10
277;159;100
278;158;100
278;159;70
279;160;50
279;161;50
279;162;70
280;161;70
280;162;10
281;161;100
281;162;10
282;161;50
282;162;100
283;161;50
283;162;100
284;161;100
284;162;100
285;163;10
285;164;70
285;165;10
286;164;100
286;165;10
287;164;50
287;165;100
288;164;100
288;165;10
289;164;70
289;165;10
290;164;70
290;165;100
291;166;50
291;167;50
291;168;50
292;167;70
292;168;50
293;167;100
293;168;100
294;167;10
294;168;10
295;167;70
295;168;50
296;167;50
296;168;10
297;169;50
297;170;10
297;171;10
298;170;10
298;171;50
299;170;50
299;171;50
300;170;100
300;171;10
301;170;50
301;171;100
302;170;10
302;171;10
303;172;70
303;173;70
303;174;100
304;173;70
304;174;70
305;173;100
305;174;100
306;173;100
306;174;100
307;173;50
307;174;10
308;173;50
308;174;70
309;175;10
309;176;70
309;177;50
310;176;50
310;177;50
311;176;10
311;177;70
312;176;70
312;177;100
313;176;100
313;177;10
314;176;70
314;177;100
315;178;70
315;179;50
315;180;50
316;179;50
316;180;50
317;179;50
317;180;100
318;179;10
318;180;100
319;179;100
319;180;100
320;179;70
320;180;10
321;181;10
321;182;10
321;183;100
322;182;100
322;183;50
323;182;70
323;183;10
324;182;10
324;183;70
325;182;10
325;183;50
326;182;10
326;183;50
327;184;100
327;185;50
327;186;10
328;185;10
328;186;50
329;185;100
329;186;70
330;185;10
330;186;70
331;185;100
331;186;10
332;185;50
332;186;10
333;187;70
333;188;50
333;189;70
334;188;50
334;189;50
335;188;50
335;189;70
336;188;10
336;189;70
337;188;50
337;189;10
338;188;50
338;189;100
339;190;50
339;191;70
339;192;10
340;191;50
340;192;10
341;191;100
341;192;10
342;191;10
342;192;70
343;191;50
343;192;10
344;191;70
344;192;100
345;193;100
345;194;70
345;195;70
346;194;10
346;195;50
347;194;100
347;195;10
348;194;50
348;195;10
349;194;50
349;195;10
350;194;50
350;195;100
351;196;100
351;197;70
351;198;100
352;197;10
352;198;70
353;197;10
353;198;10
354;197;70
354;198;70
355;197;70
355;198;100
356;197;10
356;198;10
357;199;70
0;0;10
0;1;10
0;2;10
0;3;10
0;4;10
0;5;10
0;6;10
0;7;10
1;0;10
1;1;10
1;2;10
1;3;10
1;4;10
1;5;10
1;6;10
1;7;10
2;0;80
2;1;70
2;2;60
2;3;50
2;4;40
2;5;30
2;6;20
2;7;10
3;0;10
3;1;20
3;2;30
3;3;40
3;4;50
3;5;60
3;6;70
3;7;80
4;0;10
4;1;10
4;2;10
4;3;10
4;4;10
4;5;10
4;6;10
4;7;10
5;0;10
5;1;10
5;2;10
5;3;10
5;4;10
5;5;10
5;6;10
5;7;10
6;0;10
6;1;20
6;2;30
6;3;40
6;4;50
6;5;60
6;6;70
6;7;80
7;0;10
7;1;10
7;2;10
7;3;10
7;4;10
7;5;10
7;6;10
7;7;10
8;0;80
8;1;70
8;2;60
8;3;50
8;4;40
8;5;30
8;6;20
8;7;10
9;0;10
9;1;20
9;2;30
9;3;40
9;4;50
9;5;60
9;6;70
9;7;80
10;0;80
10;1;70
10;2;60
10;3;50
10;4;40
10;5;30
10;6;20
10;7;10
11;0;80
11;1;70
11;2;60
11;3;50
11;4;40
11;5;30
11;6;20
11;7;10
12;0;80
12;1;70
12;2;60
12;3;50
12;4;40
12;5;30
12;6;20
12;7;10
13;0;10
13;1;20
13;2;30
13;3;40
13;4;50
13;5;60
13;6;70
13;7;80
14;0;10
14;1;10
14;2;10
14;3;10
14;4;10
14;5;10
14;6;10
14;7;10
15;0;80
15;1;70
15;2;60
15;3;50
15;4;40
15;5;30
15;6;20
15;7;10
16;0;10
16;1;20
16;2;30
16;3;40
16;4;50
16;5;60
16;6;70
16;7;80
17;0;10
17;1;10
17;2;10
17;3;10
17;4;10
17;5;10
17;6;10
17;7;10
18;0;10
18;1;20
18;2;30
18;3;40
18;4;50
18;5;60
18;6;70
18;7;80
19;0;80
19;1;70
19;2;60
19;3;50
19;4;40
19;5;30
19;6;20
19;7;10
20;0;10
20;1;20
20;2;30
20;3;40
20;4;50
20;5;60
20;6;70
20;7;80
21;0;80
21;1;70
21;2;60
21;3;50
21;4;40
21;5;30
21;6;20
21;7;10
22;0;10
22;1;20
22;2;30
22;3;40
22;4;50
22;5;60
22;6;70
22;7;80
23;0;80
23;1;70
23;2;60
23;3;50
23;4;40
23;5;30
23;6;20
23;7;10
24;0;10
24;1;10
24;2;10
24;3;10
24;4;10
24;5;10
24;6;10
24;7;10
25;0;10
25;1;10
25;2;10
25;3;10
25;4;10
25;5;10
25;6;10
25;7;10
26;0;10
26;1;20
26;2;30
26;3;40
26;4;50
26;5;60
26;6;70
26;7;80
27;0;80
27;1;70
27;2;60
27;3;50
27;4;40
27;5;30
27;6;20
27;7;10
28;0;80
28;1;70
28;2;60
28;3;50
28;4;40
28;5;30
28;6;20
28;7;10
29;0;10
29;1;10
29;2;10
29;3;10
29;4;10
29;5;10
29;6;10
29;7;10
30;0;80
30;1;70
30;2;60
30;3;50
30;4;40
30;5;30
30;6;20
30;7;10
31;0;10
31;1;20
31;2;30
31;3;40
31;4;50
31;5;60
31;6;70
31;7;80
32;0;80
32;1;70
32;2;60
32;3;50
32;4;40
32;5;30
32;6;20
32;7;10
33;0;10
33;1;20
33;2;30
33;3;40
33;4;50
33;5;60
33;6;70
33;7;80
34;0;10
34;1;10
34;2;10
34;3;10
34;4;10
34;5;10
34;6;10
34;7;10
35;0;80
35;1;70
35;2;60
35;3;50
35;4;40
35;5;30
35;6;20
35;7;10
36;0;10
36;1;20
36;2;30
36;3;40
36;4;50
36;5;60
36;6;70
36;7;80
37;0;10
37;1;20
37;2;30
37;3;40
37;4;50
37;5;60
37;6;70
37;7;80
38;0;10
38;1;10
38;2;10
38;3;10
38;4;10
38;5;10
38;6;10
38;7;10
39;0;10
39;1;20
39;2;30
39;3;40
39;4;50
39;5;60
39;6;70
39;7;80
40;0;10
40;1;20
40;2;30
40;3;40
40;4;50
40;5;60
40;6;70
40;7;80
41;0;10
41;1;20
41;2;30
41;3;40
41;4;50
41;5;60
41;6;70
41;7;80
42;0;10
42;1;10
42;2;10
42;3;10
42;4;10
42;5;10
42;6;10
42;7;10
43;0;10
43;1;10
43;2;10
43;3;10
43;4;10
43;5;10
43;6;10
43;7;10
44;0;10
44;1;10
44;2;10
44;3;10
44;4;10
44;5;10
44;6;10
44;7;10
45;0;10
45;1;20
45;2;30
45;3;40
45;4;50
45;5;60
45;6;70
45;7;80
46;0;10
46;1;10
46;2;10
46;3;10
46;4;10
46;5;10
46;6;10
46;7;10
47;0;10
47;1;20
47;2;30
47;3;40
47;4;50
47;5;60
47;6;70
47;7;80
48;0;10
48;1;20
48;2;30
48;3;40
48;4;50
48;5;60
48;6;70
48;7;80
49;0;80
49;1;70
49;2;60
49;3;50
49;4;40
49;5;30
49;6;20
49;7;10
50;0;10
50;1;20
50;2;30
50;3;40
50;4;50
50;5;60
50;6;70
50;7;80
51;0;10
51;1;20
51;2;30
51;3;40
51;4;50
51;5;60
51;6;70
51;7;80
52;0;80
52;1;70
52;2;60
52;3;50
52;4;40
52;5;30
52;6;20
52;7;10
53;0;10
53;1;10
53;2;10
53;3;10
53;4;10
53;5;10
53;6;10
53;7;10
54;0;80
54;1;70
54;2;60
54;3;50
54;4;40
54;5;30
54;6;20
54;7;10
55;0;80
55;1;70
55;2;60
55;3;50
55;4;40
55;5;30
55;6;20
55;7;10
56;0;10
56;1;20
56;2;30
56;3;40
56;4;50
56;5;60
56;6;70
56;7;80
57;0;80
57;1;70
57;2;60
57;3;50
57;4;40
57;5;30
57;6;20
57;7;10
58;0;10
58;1;10
58;2;10
58;3;10
58;4;10
58;5;10
58;6;10
58;7;10
59;0;10
59;1;20
59;2;30
59;3;40
59;4;50
59;5;60
59;6;70
59;7;80
60;0;10
60;1;10
60;2;10
60;3;10
60;4;10
60;5;10
60;6;10
60;7;10
61;0;10
61;1;10
61;2;10
61;3;10
61;4;10
61;5;10
61;6;10
61;7;10
62;0;10
62;1;20
62;2;30
62;3;40
62;4;50
62;5;60
62;6;70
62;7;80
63;0;10
63;1;20
63;2;30
63;3;40
63;4;50
63;5;60
63;6;70
63;7;80
64;0;10
64;1;20
64;2;30
64;3;40
64;4;50
64;5;60
64;6;70
64;7;80
65;0;10
65;1;10
65;2;10
65;3;10
65;4;10
65;5;10
65;6;10
65;7;10
66;0;10
66;1;20
66;2;30
66;3;40
66;4;50
66;5;60
66;6;70
66;7;80
67;0;10
67;1;10
67;2;10
67;3;10
67;4;10
67;5;10
67;6;10
67;7;10
68;0;10
68;1;20
68;2;30
68;3;40
68;4;50
68;5;60
68;6;70
68;7;80
69;0;10
69;1;10
69;2;10
69;3;10
69;4;10
69;5;10
69;6;10
69;7;10
70;0;10
70;1;20
70;2;30
70;3;40
70;4;50
70;5;60
70;6;70
70;7;80
71;0;80
71;1;70
71;2;60
71;3;50
71;4;40
71;5;30
71;6;20
71;7;10
72;0;80
72;1;70
72;2;60
72;3;50
72;4;40
72;5;30
72;6;20
72;7;10
73;0;10
73;1;20
73;2;30
73;3;40
73;4;50
73;5;60
73;6;70
73;7;80
74;0;80
74;1;70
74;2;60
74;3;50
74;4;40
74;5;30
74;6;20
74;7;10
75;0;10
75;1;20
75;2;30
75;3;40
75;4;50
75;5;60
75;6;70
75;7;80
76;0;10
76;1;20
76;2;30
76;3;40
76;4;50
76;5;60
76;6;70
76;7;80
77;0;10
77;1;20
77;2;30
77;3;40
77;4;50
77;5;60
77;6;70
77;7;80
78;0;10
78;1;10
78;2;10
78;3;10
78;4;10
78;5;10
78;6;10
78;7;10
79;0;10
79;1;10
79;2;10
79;3;10
79;4;10
79;5;10
79;6;10
79;7;10
80;0;80
80;1;70
80;2;60
80;3;50
80;4;40
80;5;30
80;6;20
80;7;10
81;0;10
81;1;20
81;2;30
81;3;40
81;4;50
81;5;60
81;6;70
81;7;80
82;0;80
82;1;70
82;2;60
82;3;50
82;4;40
82;5;30
82;6;20
82;7;10
83;0;10
83;1;10
83;2;10
83;3;10
83;4;10
83;5;10
83;6;10
83;7;10
84;0;10
84;1;20
84;2;30
84;3;40
84;4;50
84;5;60
84;6;70
84;7;80
85;0;10
85;1;20
85;2;30
85;3;40
85;4;50
85;5;60
85;6;70
85;7;80
86;0;10
86;1;10
86;2;10
86;3;10
86;4;10
86;5;10
86;6;10
86;7;10
87;0;10
87;1;20
87;2;30
87;3;40
87;4;50
87;5;60
87;6;70
87;7;80
88;0;10
88;1;10
88;2;10
88;3;10
88;4;10
88;5;10
88;6;10
88;7;10
89;0;80
89;1;70
89;2;60
89;3;50
89;4;40
89;5;30
89;6;20
89;7;10
90;0;10
90;1;20
90;2;30
90;3;40
90;4;50
90;5;60
90;6;70
90;7;80
91;0;10
91;1;10
91;2;10
91;3;10
91;4;10
91;5;10
91;6;10
91;7;10
92;0;10
92;1;10
92;2;10
92;3;10
92;4;10
92;5;10
92;6;10
92;7;10
93;0;10
93;1;20
93;2;30
93;3;40
93;4;50
93;5;60
93;6;70
93;7;80
94;0;10
94;1;20
94;2;30
94;3;40
94;4;50
94;5;60
94;6;70
94;7;80
95;0;80
95;1;70
95;2;60
95;3;50
95;4;40
95;5;30
95;6;20
95;7;10
96;0;80
96;1;70
96;2;60
96;3;50
96;4;40
96;5;30
96;6;20
96;7;10
97;0;10
97;1;10
97;2;10
97;3;10
97;4;10
97;5;10
97;6;10
97;7;10
98;0;10
98;1;20
98;2;30
98;3;40
98;4;50
98;5;60
98;6;70
98;7;80
99;0;80
99;1;70
99;2;60
99;3;50
99;4;40
99;5;30
99;6;20
99;7;10
100;0;10
100;1;10
100;2;10
100;3;10
100;4;10
100;5;10
100;6;10
100;7;10
101;0;10
101;1;10
101;2;10
101;3;10
101;4;10
101;5;10
101;6;10
101;7;10
102;0;80
102;1;70
102;2;60
102;3;50
102;4;40
102;5;30
102;6;20
102;7;10
103;0;80
103;1;70
103;2;60
103;3;50
103;4;40
103;5;30
103;6;20
103;7;10
104;0;10
104;1;20
104;2;30
104;3;40
104;4;50
104;5;60
104;6;70
104;7;80
105;0;10
105;1;20
105;2;30
105;3;40
105;4;50
105;5;60
105;6;70
105;7;80
106;0;10
106;1;10
106;2;10
106;3;10
106;4;10
106;5;10
106;6;10
106;7;10
107;0;80
107;1;70
107;2;60
107;3;50
107;4;40
107;5;30
107;6;20
107;7;10
108;0;80
108;1;70
108;2;60
108;3;50
108;4;40
108;5;30
108;6;20
108;7;10
109;0;80
109;1;70
109;2;60
109;3;50
109;4;40
109;5;30
109;6;20
109;7;10
110;0;10
110;1;10
110;2;10
110;3;10
110;4;10
110;5;10
110;6;10
110;7;10
111;0;80
111;1;70
111;2;60
111;3;50
111;4;40
111;5;30
111;6;20
111;7;10
112;0;10
112;1;20
112;2;30
112;3;40
112;4;50
112;5;60
112;6;70
112;7;80
113;0;80
113;1;70
113;2;60
113;3;50
113;4;40
113;5;30
113;6;20
113;7;10
114;0;10
114;1;10
114;2;10
114;3;10
114;4;10
114;5;10
114;6;10
114;7;10
115;0;10
115;1;20
115;2;30
115;3;40
115;4;50
115;5;60
115;6;70
115;7;80
116;0;80
116;1;70
116;2;60
116;3;50
116;4;40
116;5;30
116;6;20
116;7;10
117;0;80
117;1;70
117;2;60
117;3;50
117;4;40
117;5;30
117;6;20
117;7;10
118;0;10
118;1;10
118;2;10
118;3;10
118;4;10
118;5;10
118;6;10
118;7;10
119;0;10
119;1;20
119;2;30
119;3;40
119;4;50
119;5;60
119;6;70
119;7;80
120;0;10
120;1;20
120;2;30
120;3;40
120;4;50
120;5;60
120;6;70
120;7;80
121;0;10
121;1;20
121;2;30
121;3;40
121;4;50
121;5;60
121;6;70
121;7;80
122;0;80
122;1;70
122;2;60
122;3;50
122;4;40
122;5;30
122;6;20
122;7;10
123;0;10
123;1;20
123;2;30
123;3;40
123;4;50
123;5;60
123;6;70
123;7;80
124;0;10
124;1;10
124;2;10
124;3;10
124;4;10
124;5;10
124;6;10
124;7;10
125;0;10
125;1;10
125;2;10
125;3;10
125;4;10
125;5;10
125;6;10
125;7;10
126;0;80
126;1;70
126;2;60
126;3;50
126;4;40
126;5;30
126;6;20
126;7;10
127;0;10
127;1;20
127;2;30
127;3;40
127;4;50
127;5;60
127;6;70
127;7;80
128;0;80
128;1;70
128;2;60
128;3;50
128;4;40
128;5;30
128;6;20
128;7;10
129;0;10
129;1;20
129;2;30
129;3;40
129;4;50
129;5;60
129;6;70
129;7;80
130;0;10
130;1;20
130;2;30
130;3;40
130;4;50
130;5;60
130;6;70
130;7;80
131;0;80
131;1;70
131;2;60
131;3;50
131;4;40
131;5;30
131;6;20
131;7;10
132;0;80
132;1;70
132;2;60
132;3;50
132;4;40
132;5;30
132;6;20
132;7;10
133;0;10
133;1;10
133;2;10
133;3;10
133;4;10
133;5;10
133;6;10
133;7;10
134;0;10
134;1;20
134;2;30
134;3;40
134;4;50
134;5;60
134;6;70
134;7;80
135;0;80
135;1;70
135;2;60
135;3;50
135;4;40
135;5;30
135;6;20
135;7;10
136;0;10
136;1;20
136;2;30
136;3;40
136;4;50
136;5;60
136;6;70
136;7;80
137;0;10
137;1;20
137;2;30
137;3;40
137;4;50
137;5;60
137;6;70
137;7;80
138;0;10
138;1;10
138;2;10
138;3;10
138;4;10
138;5;10
138;6;10
138;7;10
139;0;80
139;1;70
139;2;60
139;3;50
139;4;40
139;5;30
139;6;20
139;7;10
140;0;10
140;1;10
140;2;10
140;3;10
140;4;10
140;5;10
140;6;10
140;7;10
141;0;10
141;1;20
141;2;30
141;3;40
141;4;50
141;5;60
141;6;70
141;7;80
142;0;10
142;1;10
142;2;10
142;3;10
142;4;10
142;5;10
142;6;10
142;7;10
143;0;80
143;1;70
143;2;60
143;3;50
143;4;40
143;5;30
143;6;20
143;7;10
144;0;10
144;1;20
144;2;30
144;3;40
144;4;50
144;5;60
144;6;70
144;7;80
145;0;10
145;1;10
145;2;10
145;3;10
145;4;10
145;5;10
145;6;10
145;7;10
146;0;10
146;1;20
146;2;30
146;3;40
146;4;50
146;5;60
146;6;70
146;7;80
147;0;80
147;1;70
147;2;60
147;3;50
147;4;40
147;5;30
147;6;20
147;7;10
148;0;10
148;1;10
148;2;10
148;3;10
148;4;10
148;5;10
148;6;10
148;7;10
149;0;10
149;1;20
149;2;30
149;3;40
149;4;50
149;5;60
149;6;70
149;7;80
150;0;10
150;1;10
150;2;10
150;3;10
150;4;10
150;5;10
150;6;10
150;7;10
151;0;80
151;1;70
151;2;60
151;3;50
151;4;40
151;5;30
151;6;20
151;7;10
152;0;10
152;1;10
152;2;10
152;3;10
152;4;10
152;5;10
152;6;10
152;7;10
153;0;80
153;1;70
153;2;60
153;3;50
153;4;40
153;5;30
153;6;20
153;7;10
154;0;10
154;1;20
154;2;30
154;3;40
154;4;50
154;5;60
154;6;70
154;7;80
155;0;80
155;1;70
155;2;60
155;3;50
155;4;40
155;5;30
155;6;20
155;7;10
156;0;80
156;1;70
156;2;60
156;3;50
156;4;40
156;5;30
156;6;20
156;7;10
157;0;10
157;1;10
157;2;10
157;3;10
157;4;10
157;5;10
157;6;10
157;7;10
158;0;80
158;1;70
158;2;60
158;3;50
158;4;40
158;5;30
158;6;20
158;7;10
159;0;10
159;1;10
159;2;10
159;3;10
159;4;10
159;5;10
159;6;10
159;7;10
160;0;10
160;1;10
160;2;10
160;3;10
160;4;10
160;5;10
160;6;10
160;7;10
161;0;80
161;1;70
161;2;60
161;3;50
161;4;40
161;5;30
161;6;20
161;7;10
162;0;10
162;1;10
162;2;10
162;3;10
162;4;10
162;5;10
162;6;10
162;7;10
163;0;10
163;1;20
163;2;30
163;3;40
163;4;50
163;5;60
163;6;70
163;7;80
164;0;80
164;1;70
164;2;60
164;3;50
164;4;40
164;5;30
164;6;20
164;7;10
165;0;10
165;1;20
165;2;30
165;3;40
165;4;50
165;5;60
165;6;70
165;7;80
166;0;80
166;1;70
166;2;60
166;3;50
166;4;40
166;5;30
166;6;20
166;7;10
167;0;10
167;1;10
167;2;10
167;3;10
167;4;10
167;5;10
167;6;10
167;7;10
168;0;80
168;1;70
168;2;60
168;3;50
168;4;40
168;5;30
168;6;20
168;7;10
169;0;80
169;1;70
169;2;60
169;3;50
169;4;40
169;5;30
169;6;20
169;7;10
170;0;80
170;1;70
170;2;60
170;3;50
170;4;40
170;5;30
170;6;20
170;7;10
171;0;10
171;1;10
171;2;10
171;3;10
171;4;10
171;5;10
171;6;10
171;7;10
172;0;80
172;1;70
172;2;60
172;3;50
172;4;40
172;5;30
172;6;20
172;7;10
173;0;80
173;1;70
173;2;60
173;3;50
173;4;40
173;5;30
173;6;20
173;7;10
174;0;10
174;1;20
174;2;30
174;3;40
174;4;50
174;5;60
174;6;70
174;7;80
175;0;10
175;1;20
175;2;30
175;3;40
175;4;50
175;5;60
175;6;70
175;7;80
176;0;80
176;1;70
176;2;60
176;3;50
176;4;40
176;5;30
176;6;20
176;7;10
177;0;80
177;1;70
177;2;60
177;3;50
177;4;40
177;5;30
177;6;20
177;7;10
178;0;80
178;1;70
178;2;60
178;3;50
178;4;40
178;5;30
178;6;20
178;7;10
179;0;10
179;1;10
179;2;10
179;3;10
179;4;10
179;5;10
179;6;10
179;7;10
180;0;10
180;1;20
180;2;30
180;3;40
180;4;50
180;5;60
180;6;70
180;7;80
181;0;10
181;1;10
181;2;10
181;3;10
181;4;10
181;5;10
181;6;10
181;7;10
182;0;10
182;1;10
182;2;10
182;3;10
182;4;10
182;5;10
182;6;10
182;7;10
183;0;10
183;1;10
183;2;10
183;3;10
183;4;10
183;5;10
183;6;10
183;7;10
184;0;10
184;1;10
184;2;10
184;3;10
184;4;10
184;5;10
184;6;10
184;7;10
185;0;10
185;1;10
185;2;10
185;3;10
185;4;10
185;5;10
185;6;10
185;7;10
186;0;80
186;1;70
186;2;60
186;3;50
186;4;40
186;5;30
186;6;20
186;7;10
187;0;80
187;1;70
187;2;60
187;3;50
187;4;40
187;5;30
187;6;20
187;7;10
188;0;10
188;1;10
188;2;10
188;3;10
188;4;10
188;5;10
188;6;10
188;7;10
189;0;80
189;1;70
189;2;60
189;3;50
189;4;40
189;5;30
189;6;20
189;7;10
190;0;80
190;1;70
190;2;60
190;3;50
190;4;40
190;5;30
190;6;20
190;7;10
191;0;10
191;1;10
191;2;10
191;3;10
191;4;10
191;5;10
191;6;10
191;7;10
192;0;10
192;1;20
192;2;30
192;3;40
192;4;50
192;5;60
192;6;70
192;7;80
193;0;10
193;1;20
193;2;30
193;3;40
193;4;50
193;5;60
193;6;70
193;7;80
194;0;80
194;1;70
194;2;60
194;3;50
194;4;40
194;5;30
194;6;20
194;7;10
195;0;10
195;1;10
195;2;10
195;3;10
195;4;10
195;5;10
195;6;10
195;7;10
196;0;10
196;1;10
196;2;10
196;3;10
196;4;10
196;5;10
196;6;10
196;7;10
197;0;10
197;1;20
197;2;30
197;3;40
197;4;50
197;5;60
197;6;70
197;7;80
198;0;10
198;1;10
198;2;10
198;3;10
198;4;10
198;5;10
198;6;10
198;7;10
199;0;10
199;1;10
199;2;10
199;3;10
199;4;10
199;5;10
199;6;10
199;7;10
200;0;10
200;1;10
200;2;10
200;3;10
200;4;10
200;5;10
200;6;10
200;7;10
201;0;80
201;1;70
201;2;60
201;3;50
201;4;40
201;5;30
201;6;20
201;7;10
202;0;10
202;1;20
202;2;30
202;3;40
202;4;50
202;5;60
202;6;70
202;7;80
203;0;10
203;1;10
203;2;10
203;3;10
203;4;10
203;5;10
203;6;10
203;7;10
204;0;10
204;1;20
204;2;30
204;3;40
204;4;50
204;5;60
204;6;70
204;7;80
205;0;80
205;1;70
205;2;60
205;3;50
205;4;40
205;5;30
205;6;20
205;7;10
206;0;10
206;1;20
206;2;30
206;3;40
206;4;50
206;5;60
206;6;70
206;7;80
207;0;80
207;1;70
207;2;60
207;3;50
207;4;40
207;5;30
207;6;20
207;7;10
208;0;10
208;1;20
208;2;30
208;3;40
208;4;50
208;5;60
208;6;70
208;7;80
209;0;80
209;1;70
209;2;60
209;3;50
209;4;40
209;5;30
209;6;20
209;7;10
210;0;80
210;1;70
210;2;60
210;3;50
210;4;40
210;5;30
210;6;20
210;7;10
211;0;10
211;1;10
211;2;10
211;3;10
211;4;10
211;5;10
211;6;10
211;7;10
212;0;80
212;1;70
212;2;60
212;3;50
212;4;40
212;5;30
212;6;20
212;7;10
213;0;10
213;1;10
213;2;10
213;3;10
213;4;10
213;5;10
213;6;10
213;7;10
214;0;10
214;1;10
214;2;10
214;3;10
214;4;10
214;5;10
214;6;10
214;7;10
215;0;80
215;1;70
215;2;60
215;3;50
215;4;40
215;5;30
215;6;20
215;7;10
216;0;10
216;1;20
216;2;30
216;3;40
216;4;50
216;5;60
216;6;70
216;7;80
217;0;10
217;1;10
217;2;10
217;3;10
217;4;10
217;5;10
217;6;10
217;7;10
218;0;80
218;1;70
218;2;60
218;3;50
218;4;40
218;5;30
218;6;20
218;7;10
219;0;10
219;1;20
219;2;30
219;3;40
219;4;50
219;5;60
219;6;70
219;7;80
220;0;10
220;1;20
220;2;30
220;3;40
220;4;50
220;5;60
220;6;70
220;7;80
221;0;10
221;1;20
221;2;30
221;3;40
221;4;50
221;5;60
221;6;70
221;7;80
222;0;10
222;1;10
222;2;10
222;3;10
222;4;10
222;5;10
222;6;10
222;7;10
223;0;10
223;1;10
223;2;10
223;3;10
223;4;10
223;5;10
223;6;10
223;7;10
224;0;80
224;1;70
224;2;60
224;3;50
224;4;40
224;5;30
224;6;20
224;7;10
225;0;80
225;1;70
225;2;60
225;3;50
225;4;40
225;5;30
225;6;20
225;7;10
226;0;80
226;1;70
226;2;60
226;3;50
226;4;40
226;5;30
226;6;20
226;7;10
227;0;80
227;1;70
227;2;60
227;3;50
227;4;40
227;5;30
227;6;20
227;7;10
228;0;10
228;1;10
228;2;10
228;3;10
228;4;10
228;5;10
228;6;10
228;7;10
229;0;10
229;1;20
229;2;30
229;3;40
229;4;50
229;5;60
229;6;70
229;7;80
230;0;10
230;1;10
230;2;10
230;3;10
230;4;10
230;5;10
230;6;10
230;7;10
231;0;80
231;1;70
231;2;60
231;3;50
231;4;40
231;5;30
231;6;20
231;7;10
232;0;80
232;1;70
232;2;60
232;3;50
232;4;40
232;5;30
232;6;20
232;7;10
233;0;80
233;1;70
233;2;60
233;3;50
233;4;40
233;5;30
233;6;20
233;7;10
234;0;10
234;1;20
234;2;30
234;3;40
234;4;50
234;5;60
234;6;70
234;7;80
235;0;10
235;1;20
235;2;30
235;3;40
235;4;50
235;5;60
235;6;70
235;7;80
236;0;80
236;1;70
236;2;60
236;3;50
236;4;40
236;5;30
236;6;20
236;7;10
237;0;80
237;1;70
237;2;60
237;3;50
237;4;40
237;5;30
237;6;20
237;7;10
238;0;80
238;1;70
238;2;60
238;3;50
238;4;40
238;5;30
238;6;20
238;7;10
239;0;80
239;1;70
239;2;60
239;3;50
239;4;40
239;5;30
239;6;20
239;7;10
240;0;10
240;1;10
240;2;10
240;3;10
240;4;10
240;5;10
240;6;10
240;7;10
241;0;10
241;1;20
241;2;30
241;3;40
241;4;50
241;5;60
241;6;70
241;7;80
242;0;10
242;1;10
242;2;10
242;3;10
242;4;10
242;5;10
242;6;10
242;7;10
243;0;10
243;1;20
243;2;30
243;3;40
243;4;50
243;5;60
243;6;70
243;7;80
244;0;80
244;1;70
244;2;60
244;3;50
244;4;40
244;5;30
244;6;20
244;7;10
245;0;10
245;1;10
245;2;10
245;3;10
245;4;10
245;5;10
245;6;10
245;7;10
246;0;80
246;1;70
246;2;60
246;3;50
246;4;40
246;5;30
246;6;20
246;7;10
247;0;10
247;1;10
247;2;10
247;3;10
247;4;10
247;5;10
247;6;10
247;7;10
248;0;10
248;1;20
248;2;30
248;3;40
248;4;50
248;5;60
248;6;70
248;7;80
249;0;80
249;1;70
249;2;60
249;3;50
249;4;40
249;5;30
249;6;20
249;7;10
250;0;80
250;1;70
250;2;60
250;3;50
250;4;40
250;5;30
250;6;20
250;7;10
251;0;10
251;1;20
251;2;30
251;3;40
251;4;50
251;5;60
251;6;70
251;7;80
252;0;10
252;1;10
252;2;10
252;3;10
252;4;10
252;5;10
252;6;10
252;7;10
253;0;10
253;1;10
253;2;10
253;3;10
253;4;10
253;5;10
253;6;10
253;7;10
254;0;10
254;1;20
254;2;30
254;3;40
254;4;50
254;5;60
254;6;70
254;7;80
255;0;10
255;1;20
255;2;30
255;3;40
255;4;50
255;5;60
255;6;70
255;7;80
256;0;80
256;1;70
256;2;60
256;3;50
256;4;40
256;5;30
256;6;20
256;7;10
257;0;10
257;1;10
257;2;10
257;3;10
257;4;10
257;5;10
257;6;10
257;7;10
258;0;10
258;1;10
258;2;10
258;3;10
258;4;10
258;5;10
258;6;10
258;7;10
259;0;80
259;1;70
259;2;60
259;3;50
259;4;40
259;5;30
259;6;20
259;7;10
260;0;80
260;1;70
260;2;60
260;3;50
260;4;40
260;5;30
260;6;20
260;7;10
261;0;10
261;1;20
261;2;30
261;3;40
261;4;50
261;5;60
261;6;70
261;7;80
262;0;80
262;1;70
262;2;60
262;3;50
262;4;40
262;5;30
262;6;20
262;7;10
263;0;10
263;1;10
263;2;10
263;3;10
263;4;10
263;5;10
263;6;10
263;7;10
264;0;80
264;1;70
264;2;60
264;3;50
264;4;40
264;5;30
264;6;20
264;7;10
265;0;80
265;1;70
265;2;60
265;3;50
265;4;40
265;5;30
265;6;20
265;7;10
266;0;10
266;1;10
266;2;10
266;3;10
266;4;10
266;5;10
266;6;10
266;7;10
267;0;10
267;1;20
267;2;30
267;3;40
267;4;50
267;5;60
267;6;70
267;7;80
268;0;80
268;1;70
268;2;60
268;3;50
268;4;40
268;5;30
268;6;20
268;7;10
269;0;10
269;1;20
269;2;30
269;3;40
269;4;50
269;5;60
269;6;70
269;7;80
270;0;10
270;1;10
270;2;10
270;3;10
270;4;10
270;5;10
270;6;10
270;7;10
271;0;10
271;1;10
271;2;10
271;3;10
271;4;10
271;5;10
271;6;10
271;7;10
272;0;80
272;1;70
272;2;60
272;3;50
272;4;40
272;5;30
272;6;20
272;7;10
273;0;10
273;1;10
273;2;10
273;3;10
273;4;10
273;5;10
273;6;10
273;7;10
274;0;10
274;1;10
274;2;10
274;3;10
274;4;10
274;5;10
274;6;10
274;7;10
275;0;80
275;1;70
275;2;60
275;3;50
275;4;40
275;5;30
275;6;20
275;7;10
276;0;10
276;1;10
276;2;10
276;3;10
276;4;10
276;5;10
276;6;10
276;7;10
277;0;10
277;1;10
277;2;10
277;3;10
277;4;10
277;5;10
277;6;10
277;7;10
278;0;10
278;1;10
278;2;10
278;3;10
278;4;10
278;5;10
278;6;10
278;7;10
279;0;10
279;1;10
279;2;10
279;3;10
279;4;10
279;5;10
279;6;10
279;7;10
280;0;80
280;1;70
280;2;60
280;3;50
280;4;40
280;5;30
280;6;20
280;7;10
281;0;10
281;1;10
281;2;10
281;3;10
281;4;10
281;5;10
281;6;10
281;7;10
282;0;80
282;1;70
282;2;60
282;3;50
282;4;40
282;5;30
282;6;20
282;7;10
283;0;10
283;1;10
283;2;10
283;3;10
283;4;10
283;5;10
283;6;10
283;7;10
284;0;10
284;1;10
284;2;10
284;3;10
284;4;10
284;5;10
284;6;10
284;7;10
285;0;10
285;1;20
285;2;30
285;3;40
285;4;50
285;5;60
285;6;70
285;7;80
286;0;10
286;1;10
286;2;10
286;3;10
286;4;10
286;5;10
286;6;10
286;7;10
287;0;10
287;1;10
287;2;10
287;3;10
287;4;10
287;5;10
287;6;10
287;7;10
288;0;10
288;1;10
288;2;10
288;3;10
288;4;10
288;5;10
288;6;10
288;7;10
289;0;80
289;1;70
289;2;60
289;3;50
289;4;40
289;5;30
289;6;20
289;7;10
290;0;80
290;1;70
290;2;60
290;3;50
290;4;40
290;5;30
290;6;20
290;7;10
291;0;10
291;1;10
291;2;10
291;3;10
291;4;10
291;5;10
291;6;10
291;7;10
292;0;10
292;1;20
292;2;30
292;3;40
292;4;50
292;5;60
292;6;70
292;7;80
293;0;10
293;1;10
293;2;10
293;3;10
293;4;10
293;5;10
293;6;10
293;7;10
294;0;10
294;1;20
294;2;30
294;3;40
294;4;50
294;5;60
294;6;70
294;7;80
295;0;80
295;1;70
295;2;60
295;3;50
295;4;40
295;5;30
295;6;20
295;7;10
296;0;10
296;1;20
296;2;30
296;3;40
296;4;50
296;5;60
296;6;70
296;7;80
297;0;10
297;1;10
297;2;10
297;3;10
297;4;10
297;5;10
297;6;10
297;7;10
298;0;10
298;1;20
298;2;30
298;3;40
298;4;50
298;5;60
298;6;70
298;7;80
299;0;10
299;1;20
299;2;30
299;3;40
299;4;50
299;5;60
299;6;70
299;7;80
300;0;10
300;1;10
300;2;10
300;3;10
300;4;10
300;5;10
300;6;10
300;7;10
301;0;80
301;1;70
301;2;60
301;3;50
301;4;40
301;5;30
301;6;20
301;7;10
302;0;10
302;1;10
302;2;10
302;3;10
302;4;10
302;5;10
302;6;10
302;7;10
303;0;10
303;1;10
303;2;10
303;3;10
303;4;10
303;5;10
303;6;10
303;7;10
304;0;10
304;1;20
304;2;30
304;3;40
304;4;50
304;5;60
304;6;70
304;7;80
305;0;80
305;1;70
305;2;60
305;3;50
305;4;40
305;5;30
305;6;20
305;7;10
306;0;10
306;1;10
306;2;10
306;3;10
306;4;10
306;5;10
306;6;10
306;7;10
307;0;10
307;1;10
307;2;10
307;3;10
307;4;10
307;5;10
307;6;10
307;7;10
308;0;10
308;1;20
308;2;30
308;3;40
308;4;50
308;5;60
308;6;70
308;7;80
309;0;10
309;1;20
309;2;30
309;3;40
309;4;50
309;5;60
309;6;70
309;7;80
310;0;10
310;1;10
310;2;10
310;3;10
310;4;10
310;5;10
310;6;10
310;7;10
311;0;10
311;1;20
311;2;30
311;3;40
311;4;50
311;5;60
311;6;70
311;7;80
312;0;80
312;1;70
312;2;60
312;3;50
312;4;40
312;5;30
312;6;20
312;7;10
313;0;10
313;1;10
313;2;10
313;3;10
313;4;10
313;5;10
313;6;10
313;7;10
314;0;80
314;1;70
314;2;60
314;3;50
314;4;40
314;5;30
314;6;20
314;7;10
315;0;10
315;1;20
315;2;30
315;3;40
315;4;50
315;5;60
315;6;70
315;7;80
316;0;10
316;1;10
316;2;10
316;3;10
316;4;10
316;5;10
316;6;10
316;7;10
317;0;10
317;1;10
317;2;10
317;3;10
317;4;10
317;5;10
317;6;10
317;7;10
318;0;10
318;1;20
318;2;30
318;3;40
318;4;50
318;5;60
318;6;70
318;7;80
319;0;10
319;1;20
319;2;30
319;3;40
319;4;50
319;5;60
319;6;70
319;7;80
320;0;10
320;1;20
320;2;30
320;3;40
320;4;50
320;5;60
320;6;70
320;7;80
321;0;80
321;1;70
321;2;60
321;3;50
321;4;40
321;5;30
321;6;20
321;7;10
322;0;80
322;1;70
322;2;60
322;3;50
322;4;40
322;5;30
322;6;20
322;7;10
323;0;10
323;1;10
323;2;10
323;3;10
323;4;10
323;5;10
323;6;10
323;7;10
324;0;10
324;1;10
324;2;10
324;3;10
324;4;10
324;5;10
324;6;10
324;7;10
325;0;80
325;1;70
325;2;60
325;3;50
325;4;40
325;5;30
325;6;20
325;7;10
326;0;10
326;1;20
326;2;30
326;3;40
326;4;50
326;5;60
326;6;70
326;7;80
327;0;10
327;1;10
327;2;10
327;3;10
327;4;10
327;5;10
327;6;10
327;7;10
328;0;80
328;1;70
328;2;60
328;3;50
328;4;40
328;5;30
328;6;20
328;7;10
329;0;10
329;1;10
329;2;10
329;3;10
329;4;10
329;5;10
329;6;10
329;7;10
330;0;10
330;1;10
330;2;10
330;3;10
330;4;10
330;5;10
330;6;10
330;7;10
331;0;80
331;1;70
331;2;60
331;3;50
331;4;40
331;5;30
331;6;20
331;7;10
332;0;80
332;1;70
332;2;60
332;3;50
332;4;40
332;5;30
332;6;20
332;7;10
333;0;10
333;1;20
333;2;30
333;3;40
333;4;50
333;5;60
333;6;70
333;7;80
334;0;80
334;1;70
334;2;60
334;3;50
334;4;40
334;5;30
334;6;20
334;7;10
335;0;80
335;1;70
335;2;60
335;3;50
335;4;40
335;5;30
335;6;20
335;7;10
336;0;10
336;1;20
336;2;30
336;3;40
336;4;50
336;5;60
336;6;70
336;7;80
337;0;80
337;1;70
337;2;60
337;3;50
337;4;40
337;5;30
337;6;20
337;7;10
338;0;80
338;1;70
338;2;60
338;3;50
338;4;40
338;5;30
338;6;20
338;7;10
339;0;10
339;1;10
339;2;10
339;3;10
339;4;10
339;5;10
339;6;10
339;7;10
340;0;10
340;1;20
340;2;30
340;3;40
340;4;50
340;5;60
340;6;70
340;7;80
341;0;10
341;1;20
341;2;30
341;3;40
341;4;50
341;5;60
341;6;70
341;7;80
342;0;10
342;1;10
342;2;10
342;3;10
342;4;10
342;5;10
342;6;10
342;7;10
343;0;10
343;1;10
343;2;10
343;3;10
343;4;10
343;5;10
343;6;10
343;7;10
344;0;10
344;1;10
344;2;10
344;3;10
344;4;10
344;5;10
344;6;10
344;7;10
345;0;80
345;1;70
345;2;60
345;3;50
345;4;40
345;5;30
345;6;20
345;7;10
346;0;10
346;1;10
346;2;10
346;3;10
346;4;10
346;5;10
346;6;10
346;7;10
347;0;10
347;1;20
347;2;30
347;3;40
347;4;50
347;5;60
347;6;70
347;7;80
348;0;10
348;1;20
348;2;30
348;3;40
348;4;50
348;5;60
348;6;70
348;7;80
349;0;10
349;1;20
349;2;30
349;3;40
349;4;50
349;5;60
349;6;70
349;7;80
350;0;10
350;1;10
350;2;10
350;3;10
350;4;10
350;5;10
350;6;10
350;7;10
351;0;10
351;1;10
351;2;10
351;3;10
351;4;10
351;5;10
351;6;10
351;7;10
352;0;10
352;1;20
352;2;30
352;3;40
352;4;50
352;5;60
352;6;70
352;7;80
353;0;80
353;1;70
353;2;60
353;3;50
353;4;40
353;5;30
353;6;20
353;7;10
354;0;10
354;1;20
354;2;30
354;3;40
354;4;50
354;5;60
354;6;70
354;7;80
355;0;10
355;1;20
355;2;30
355;3;40
355;4;50
355;5;60
355;6;70
355;7;80
356;0;10
356;1;10
356;2;10
356;3;10
356;4;10
356;5;10
356;6;10
356;7;10
357;0;80
357;1;70
357;2;60
357;3;50
357;4;40
357;5;30
357;6;20
357;7;10
