200;100;414
0;0;50
1;0;70
1;1;70
1;3;100
2;0;70
2;4;100
2;6;70
3;1;10
3;2;10
3;3;100
3;7;70
3;9;50
4;2;100
4;3;50
4;10;50
4;12;50
5;2;10
5;3;100
5;13;10
5;15;100
6;4;50
6;5;10
6;6;10
6;16;50
6;18;100
7;5;70
7;6;50
7;19;100
7;21;100
8;5;100
8;6;10
8;22;100
8;24;50
9;7;70
9;8;100
9;9;100
9;25;50
9;27;100
10;8;70
10;9;50
10;28;70
10;30;100
11;8;50
11;9;70
11;31;10
11;33;50
12;8;100
12;9;10
12;34;70
12;36;100
13;10;70
13;11;50
13;12;100
13;37;100
13;39;10
14;11;100
14;12;50
14;40;100
14;42;50
15;11;10
15;12;100
15;43;100
15;45;100
16;11;70
16;12;50
16;46;70
16;48;50
17;13;100
17;14;50
17;15;70
17;49;100
17;51;50
18;14;50
18;15;50
18;52;70
18;54;70
19;14;50
19;15;10
19;55;50
19;57;10
20;14;50
20;15;50
20;58;100
20;60;100
21;16;100
21;17;70
21;18;50
21;61;10
21;63;100
22;17;70
22;18;50
22;64;10
22;66;70
23;17;50
23;18;50
23;67;70
23;69;100
24;17;10
24;18;70
24;70;10
24;72;10
25;19;50
25;20;70
25;21;10
25;73;50
25;75;50
26;20;100
26;21;10
26;76;70
26;78;10
27;20;70
27;21;10
27;79;50
27;81;100
28;20;50
28;21;100
28;82;70
28;84;70
29;22;50
29;23;100
29;24;10
29;85;10
29;87;70
30;23;50
30;24;50
30;88;50
30;90;10
31;23;70
31;24;50
31;91;70
31;93;100
32;23;50
32;24;50
32;94;10
32;96;10
33;25;50
33;26;50
33;27;70
33;97;100
33;99;70
34;26;70
34;27;10
35;26;70
35;27;70
36;26;70
36;27;10
37;26;70
37;27;100
38;28;70
38;29;70
38;30;10
39;29;10
39;30;50
40;29;70
40;30;50
41;29;100
41;30;100
42;29;10
42;30;100
43;31;100
43;32;50
43;33;100
44;32;10
44;33;10
45;32;100
45;33;50
46;32;50
46;33;50
47;32;50
47;33;70
48;34;70
48;35;100
48;36;10
49;35;50
49;36;100
50;35;50
50;36;50
51;35;10
51;36;100
52;35;100
52;36;10
53;37;70
53;38;10
53;39;10
54;38;70
54;39;10
55;38;50
55;39;10
56;38;50
56;39;10
57;38;10
57;39;100
58;40;10
58;41;10
58;42;50
59;41;100
59;42;70
60;41;70
60;42;100
61;41;70
61;42;10
62;41;100
62;42;70
63;43;10
63;44;70
63;45;70
64;44;70
64;45;10
65;44;70
65;45;10
66;44;70
66;45;70
67;44;100
67;45;70
68;46;10
68;47;70
68;48;70
69;47;50
69;48;10
70;47;70
70;48;10
71;47;70
71;48;10
72;47;10
72;48;50
73;49;50
73;50;100
73;51;10
74;50;100
74;51;100
75;50;50
75;51;10
76;50;70
76;51;10
77;50;100
77;51;10
78;52;10
78;53;100
78;54;100
79;53;100
79;54;70
80;53;100
80;54;10
81;53;70
81;54;10
82;53;100
82;54;10
83;55;10
83;56;10
83;57;50
84;56;50
84;57;10
85;56;70
85;57;50
86;56;70
86;57;100
87;56;100
87;57;70
88;58;10
88;59;50
88;60;50
89;59;50
89;60;50
90;59;70
90;60;70
91;59;70
91;60;50
92;59;100
92;60;10
93;61;50
93;62;10
93;63;70
94;62;10
94;63;50
95;62;70
95;63;70
96;62;70
96;63;10
97;62;50
97;63;100
98;64;100
98;65;50
98;66;10
99;65;10
99;66;70
100;65;100
100;66;50
101;65;50
101;66;10
102;65;100
102;66;10
103;67;70
103;68;70
103;69;10
104;68;70
104;69;70
105;68;100
105;69;70
106;68;70
106;69;70
107;68;100
107;69;50
108;70;50
108;71;70
108;72;10
109;71;50
109;72;70
110;71;100
110;72;50
111;71;10
111;72;100
112;71;70
112;72;70
113;73;10
113;74;50
113;75;100
114;74;100
114;75;50
115;74;50
115;75;70
116;74;10
116;75;10
117;74;70
117;75;70
118;76;70
118;77;50
118;78;100
119;77;50
119;78;70
120;77;50
120;78;10
121;77;50
121;78;100
122;77;100
122;78;50
123;79;50
123;80;50
123;81;50
124;80;50
124;81;100
125;80;100
125;81;70
126;80;10
126;81;10
127;80;100
127;81;100
128;82;10
128;83;50
128;84;10
129;83;70
129;84;70
130;83;70
130;84;50
131;83;70
131;84;10
132;83;10
132;84;100
133;85;100
133;86;10
133;87;50
134;86;10
134;87;100
135;86;50
135;87;50
136;86;50
136;87;100
137;86;10
137;87;70
138;88;50
138;89;70
138;90;70
139;89;100
139;90;50
140;89;50
140;90;10
141;89;70
141;90;70
142;89;70
142;90;100
143;91;70
143;92;70
143;93;70
144;92;50
144;93;50
145;92;10
145;93;50
146;92;70
146;93;100
147;92;10
147;93;70
148;94;10
148;95;100
148;96;10
149;95;70
149;96;100
150;95;10
150;96;10
151;95;70
151;96;70
152;95;70
152;96;10
153;97;100
153;98;10
153;99;100
154;98;100
154;99;50
155;98;50
155;99;10
156;98;100
156;99;70
157;98;10
157;99;50
158;98;10
158;99;100
0;0;10
0;1;20
0;2;30
0;3;40
0;4;50
0;5;60
0;6;70
0;7;80
1;0;80
1;1;70
1;2;60
1;3;50
1;4;40
1;5;30
1;6;20
1;7;10
2;0;10
2;1;10
2;2;10
2;3;10
2;4;10
2;5;10
2;6;10
2;7;10
3;0;80
3;1;70
3;2;60
3;3;50
3;4;40
3;5;30
3;6;20
3;7;10
4;0;10
4;1;10
4;2;10
4;3;10
4;4;10
4;5;10
4;6;10
4;7;10
5;0;10
5;1;20
5;2;30
5;3;40
5;4;50
5;5;60
5;6;70
5;7;80
6;0;80
6;1;70
6;2;60
6;3;50
6;4;40
6;5;30
6;6;20
6;7;10
7;0;80
7;1;70
7;2;60
7;3;50
7;4;40
7;5;30
7;6;20
7;7;10
8;0;80
8;1;70
8;2;60
8;3;50
8;4;40
8;5;30
8;6;20
8;7;10
9;0;10
9;1;20
9;2;30
9;3;40
9;4;50
9;5;60
9;6;70
9;7;80
10;0;10
10;1;10
10;2;10
10;3;10
10;4;10
10;5;10
10;6;10
10;7;10
11;0;10
11;1;20
11;2;30
11;3;40
11;4;50
11;5;60
11;6;70
11;7;80
12;0;80
12;1;70
12;2;60
12;3;50
12;4;40
12;5;30
12;6;20
12;7;10
13;0;10
13;1;20
13;2;30
13;3;40
13;4;50
13;5;60
13;6;70
13;7;80
14;0;10
14;1;10
14;2;10
14;3;10
14;4;10
14;5;10
14;6;10
14;7;10
15;0;10
15;1;20
15;2;30
15;3;40
15;4;50
15;5;60
15;6;70
15;7;80
16;0;10
16;1;20
16;2;30
16;3;40
16;4;50
16;5;60
16;6;70
16;7;80
17;0;10
17;1;10
17;2;10
17;3;10
17;4;10
17;5;10
17;6;10
17;7;10
18;0;80
18;1;70
18;2;60
18;3;50
18;4;40
18;5;30
18;6;20
18;7;10
19;0;10
19;1;20
19;2;30
19;3;40
19;4;50
19;5;60
19;6;70
19;7;80
20;0;10
20;1;20
20;2;30
20;3;40
20;4;50
20;5;60
20;6;70
20;7;80
21;0;10
21;1;20
21;2;30
21;3;40
21;4;50
21;5;60
21;6;70
21;7;80
22;0;10
22;1;10
22;2;10
22;3;10
22;4;10
22;5;10
22;6;10
22;7;10
23;0;10
23;1;10
23;2;10
23;3;10
23;4;10
23;5;10
23;6;10
23;7;10
24;0;10
24;1;20
24;2;30
24;3;40
24;4;50
24;5;60
24;6;70
24;7;80
25;0;80
25;1;70
25;2;60
25;3;50
25;4;40
25;5;30
25;6;20
25;7;10
26;0;10
26;1;20
26;2;30
26;3;40
26;4;50
26;5;60
26;6;70
26;7;80
27;0;10
27;1;20
27;2;30
27;3;40
27;4;50
27;5;60
27;6;70
27;7;80
28;0;10
28;1;20
28;2;30
28;3;40
28;4;50
28;5;60
28;6;70
28;7;80
29;0;10
29;1;20
29;2;30
29;3;40
29;4;50
29;5;60
29;6;70
29;7;80
30;0;10
30;1;10
30;2;10
30;3;10
30;4;10
30;5;10
30;6;10
30;7;10
31;0;10
31;1;20
31;2;30
31;3;40
31;4;50
31;5;60
31;6;70
31;7;80
32;0;10
32;1;20
32;2;30
32;3;40
32;4;50
32;5;60
32;6;70
32;7;80
33;0;80
33;1;70
33;2;60
33;3;50
33;4;40
33;5;30
33;6;20
33;7;10
34;0;10
34;1;10
34;2;10
34;3;10
34;4;10
34;5;10
34;6;10
34;7;10
35;0;80
35;1;70
35;2;60
35;3;50
35;4;40
35;5;30
35;6;20
35;7;10
36;0;10
36;1;20
36;2;30
36;3;40
36;4;50
36;5;60
36;6;70
36;7;80
37;0;10
37;1;20
37;2;30
37;3;40
37;4;50
37;5;60
37;6;70
37;7;80
38;0;80
38;1;70
38;2;60
38;3;50
38;4;40
38;5;30
38;6;20
38;7;10
39;0;80
39;1;70
39;2;60
39;3;50
39;4;40
39;5;30
39;6;20
39;7;10
40;0;10
40;1;10
40;2;10
40;3;10
40;4;10
40;5;10
40;6;10
40;7;10
41;0;10
41;1;10
41;2;10
41;3;10
41;4;10
41;5;10
41;6;10
41;7;10
42;0;10
42;1;20
42;2;30
42;3;40
42;4;50
42;5;60
42;6;70
42;7;80
43;0;10
43;1;20
43;2;30
43;3;40
43;4;50
43;5;60
43;6;70
43;7;80
44;0;10
44;1;20
44;2;30
44;3;40
44;4;50
44;5;60
44;6;70
44;7;80
45;0;80
45;1;70
45;2;60
45;3;50
45;4;40
45;5;30
45;6;20
45;7;10
46;0;10
46;1;10
46;2;10
46;3;10
46;4;10
46;5;10
46;6;10
46;7;10
47;0;10
47;1;20
47;2;30
47;3;40
47;4;50
47;5;60
47;6;70
47;7;80
48;0;10
48;1;20
48;2;30
48;3;40
48;4;50
48;5;60
48;6;70
48;7;80
49;0;10
49;1;10
49;2;10
49;3;10
49;4;10
49;5;10
49;6;10
49;7;10
50;0;80
50;1;70
50;2;60
50;3;50
50;4;40
50;5;30
50;6;20
50;7;10
51;0;80
51;1;70
51;2;60
51;3;50
51;4;40
51;5;30
51;6;20
51;7;10
52;0;10
52;1;10
52;2;10
52;3;10
52;4;10
52;5;10
52;6;10
52;7;10
53;0;10
53;1;20
53;2;30
53;3;40
53;4;50
53;5;60
53;6;70
53;7;80
54;0;80
54;1;70
54;2;60
54;3;50
54;4;40
54;5;30
54;6;20
54;7;10
55;0;10
55;1;10
55;2;10
55;3;10
55;4;10
55;5;10
55;6;10
55;7;10
56;0;10
56;1;10
56;2;10
56;3;10
56;4;10
56;5;10
56;6;10
56;7;10
57;0;10
57;1;10
57;2;10
57;3;10
57;4;10
57;5;10
57;6;10
57;7;10
58;0;10
58;1;10
58;2;10
58;3;10
58;4;10
58;5;10
58;6;10
58;7;10
59;0;10
59;1;20
59;2;30
59;3;40
59;4;50
59;5;60
59;6;70
59;7;80
60;0;10
60;1;10
60;2;10
60;3;10
60;4;10
60;5;10
60;6;10
60;7;10
61;0;80
61;1;70
61;2;60
61;3;50
61;4;40
61;5;30
61;6;20
61;7;10
62;0;80
62;1;70
62;2;60
62;3;50
62;4;40
62;5;30
62;6;20
62;7;10
63;0;10
63;1;10
63;2;10
63;3;10
63;4;10
63;5;10
63;6;10
63;7;10
64;0;10
64;1;10
64;2;10
64;3;10
64;4;10
64;5;10
64;6;10
64;7;10
65;0;10
65;1;10
65;2;10
65;3;10
65;4;10
65;5;10
65;6;10
65;7;10
66;0;10
66;1;10
66;2;10
66;3;10
66;4;10
66;5;10
66;6;10
66;7;10
67;0;10
67;1;20
67;2;30
67;3;40
67;4;50
67;5;60
67;6;70
67;7;80
68;0;10
68;1;10
68;2;10
68;3;10
68;4;10
68;5;10
68;6;10
68;7;10
69;0;10
69;1;20
69;2;30
69;3;40
69;4;50
69;5;60
69;6;70
69;7;80
70;0;80
70;1;70
70;2;60
70;3;50
70;4;40
70;5;30
70;6;20
70;7;10
71;0;80
71;1;70
71;2;60
71;3;50
71;4;40
71;5;30
71;6;20
71;7;10
72;0;10
72;1;10
72;2;10
72;3;10
72;4;10
72;5;10
72;6;10
72;7;10
73;0;80
73;1;70
73;2;60
73;3;50
73;4;40
73;5;30
73;6;20
73;7;10
74;0;10
74;1;20
74;2;30
74;3;40
74;4;50
74;5;60
74;6;70
74;7;80
75;0;80
75;1;70
75;2;60
75;3;50
75;4;40
75;5;30
75;6;20
75;7;10
76;0;80
76;1;70
76;2;60
76;3;50
76;4;40
76;5;30
76;6;20
76;7;10
77;0;10
77;1;20
77;2;30
77;3;40
77;4;50
77;5;60
77;6;70
77;7;80
78;0;10
78;1;20
78;2;30
78;3;40
78;4;50
78;5;60
78;6;70
78;7;80
79;0;10
79;1;10
79;2;10
79;3;10
79;4;10
79;5;10
79;6;10
79;7;10
80;0;80
80;1;70
80;2;60
80;3;50
80;4;40
80;5;30
80;6;20
80;7;10
81;0;80
81;1;70
81;2;60
81;3;50
81;4;40
81;5;30
81;6;20
81;7;10
82;0;10
82;1;10
82;2;10
82;3;10
82;4;10
82;5;10
82;6;10
82;7;10
83;0;10
83;1;20
83;2;30
83;3;40
83;4;50
83;5;60
83;6;70
83;7;80
84;0;10
84;1;10
84;2;10
84;3;10
84;4;10
84;5;10
84;6;10
84;7;10
85;0;10
85;1;20
85;2;30
85;3;40
85;4;50
85;5;60
85;6;70
85;7;80
86;0;10
86;1;20
86;2;30
86;3;40
86;4;50
86;5;60
86;6;70
86;7;80
87;0;10
87;1;10
87;2;10
87;3;10
87;4;10
87;5;10
87;6;10
87;7;10
88;0;80
88;1;70
88;2;60
88;3;50
88;4;40
88;5;30
88;6;20
88;7;10
89;0;10
89;1;10
89;2;10
89;3;10
89;4;10
89;5;10
89;6;10
89;7;10
90;0;10
90;1;20
90;2;30
90;3;40
90;4;50
90;5;60
90;6;70
90;7;80
91;0;80
91;1;70
91;2;60
91;3;50
91;4;40
91;5;30
91;6;20
91;7;10
92;0;10
92;1;10
92;2;10
92;3;10
92;4;10
92;5;10
92;6;10
92;7;10
93;0;10
93;1;20
93;2;30
93;3;40
93;4;50
93;5;60
93;6;70
93;7;80
94;0;10
94;1;10
94;2;10
94;3;10
94;4;10
94;5;10
94;6;10
94;7;10
95;0;10
95;1;20
95;2;30
95;3;40
95;4;50
95;5;60
95;6;70
95;7;80
96;0;10
96;1;20
96;2;30
96;3;40
96;4;50
96;5;60
96;6;70
96;7;80
97;0;10
97;1;20
97;2;30
97;3;40
97;4;50
97;5;60
97;6;70
97;7;80
98;0;10
98;1;20
98;2;30
98;3;40
98;4;50
98;5;60
98;6;70
98;7;80
99;0;10
99;1;20
99;2;30
99;3;40
99;4;50
99;5;60
99;6;70
99;7;80
100;0;80
100;1;70
100;2;60
100;3;50
100;4;40
100;5;30
100;6;20
100;7;10
101;0;80
101;1;70
101;2;60
101;3;50
101;4;40
101;5;30
101;6;20
101;7;10
102;0;10
102;1;20
102;2;30
102;3;40
102;4;50
102;5;60
102;6;70
102;7;80
103;0;80
103;1;70
103;2;60
103;3;50
103;4;40
103;5;30
103;6;20
103;7;10
104;0;10
104;1;10
104;2;10
104;3;10
104;4;10
104;5;10
104;6;10
104;7;10
105;0;10
105;1;20
105;2;30
105;3;40
105;4;50
105;5;60
105;6;70
105;7;80
106;0;80
106;1;70
106;2;60
106;3;50
106;4;40
106;5;30
106;6;20
106;7;10
107;0;80
107;1;70
107;2;60
107;3;50
107;4;40
107;5;30
107;6;20
107;7;10
108;0;10
108;1;10
108;2;10
108;3;10
108;4;10
108;5;10
108;6;10
108;7;10
109;0;10
109;1;10
109;2;10
109;3;10
109;4;10
109;5;10
109;6;10
109;7;10
110;0;10
110;1;20
110;2;30
110;3;40
110;4;50
110;5;60
110;6;70
110;7;80
111;0;80
111;1;70
111;2;60
111;3;50
111;4;40
111;5;30
111;6;20
111;7;10
112;0;10
112;1;20
112;2;30
112;3;40
112;4;50
112;5;60
112;6;70
112;7;80
113;0;10
113;1;10
113;2;10
113;3;10
113;4;10
113;5;10
113;6;10
113;7;10
114;0;10
114;1;10
114;2;10
114;3;10
114;4;10
114;5;10
114;6;10
114;7;10
115;0;80
115;1;70
115;2;60
115;3;50
115;4;40
115;5;30
115;6;20
115;7;10
116;0;10
116;1;10
116;2;10
116;3;10
116;4;10
116;5;10
116;6;10
116;7;10
117;0;80
117;1;70
117;2;60
117;3;50
117;4;40
117;5;30
117;6;20
117;7;10
118;0;10
118;1;20
118;2;30
118;3;40
118;4;50
118;5;60
118;6;70
118;7;80
119;0;80
119;1;70
119;2;60
119;3;50
119;4;40
119;5;30
119;6;20
119;7;10
120;0;10
120;1;20
120;2;30
120;3;40
120;4;50
120;5;60
120;6;70
120;7;80
121;0;80
121;1;70
121;2;60
121;3;50
121;4;40
121;5;30
121;6;20
121;7;10
122;0;10
122;1;20
122;2;30
122;3;40
122;4;50
122;5;60
122;6;70
122;7;80
123;0;10
123;1;10
123;2;10
123;3;10
123;4;10
123;5;10
123;6;10
123;7;10
124;0;80
124;1;70
124;2;60
124;3;50
124;4;40
124;5;30
124;6;20
124;7;10
125;0;10
125;1;20
125;2;30
125;3;40
125;4;50
125;5;60
125;6;70
125;7;80
126;0;80
126;1;70
126;2;60
126;3;50
126;4;40
126;5;30
126;6;20
126;7;10
127;0;80
127;1;70
127;2;60
127;3;50
127;4;40
127;5;30
127;6;20
127;7;10
128;0;80
128;1;70
128;2;60
128;3;50
128;4;40
128;5;30
128;6;20
128;7;10
129;0;10
129;1;10
129;2;10
129;3;10
129;4;10
129;5;10
129;6;10
129;7;10
130;0;10
130;1;10
130;2;10
130;3;10
130;4;10
130;5;10
130;6;10
130;7;10
131;0;10
131;1;20
131;2;30
131;3;40
131;4;50
131;5;60
131;6;70
131;7;80
132;0;10
132;1;20
132;2;30
132;3;40
132;4;50
132;5;60
132;6;70
132;7;80
133;0;10
133;1;10
133;2;10
133;3;10
133;4;10
133;5;10
133;6;10
133;7;10
134;0;10
134;1;20
134;2;30
134;3;40
134;4;50
134;5;60
134;6;70
134;7;80
135;0;10
135;1;20
135;2;30
135;3;40
135;4;50
135;5;60
135;6;70
135;7;80
136;0;10
136;1;10
136;2;10
136;3;10
136;4;10
136;5;10
136;6;10
136;7;10
137;0;10
137;1;20
137;2;30
137;3;40
137;4;50
137;5;60
137;6;70
137;7;80
138;0;10
138;1;20
138;2;30
138;3;40
138;4;50
138;5;60
138;6;70
138;7;80
139;0;10
139;1;10
139;2;10
139;3;10
139;4;10
139;5;10
139;6;10
139;7;10
140;0;80
140;1;70
140;2;60
140;3;50
140;4;40
140;5;30
140;6;20
140;7;10
141;0;80
141;1;70
141;2;60
141;3;50
141;4;40
141;5;30
141;6;20
141;7;10
142;0;10
142;1;10
142;2;10
142;3;10
142;4;10
142;5;10
142;6;10
142;7;10
143;0;80
143;1;70
143;2;60
143;3;50
143;4;40
143;5;30
143;6;20
143;7;10
144;0;80
144;1;70
144;2;60
144;3;50
144;4;40
144;5;30
144;6;20
144;7;10
145;0;10
145;1;10
145;2;10
145;3;10
145;4;10
145;5;10
145;6;10
145;7;10
146;0;80
146;1;70
146;2;60
146;3;50
146;4;40
146;5;30
146;6;20
146;7;10
147;0;10
147;1;20
147;2;30
147;3;40
147;4;50
147;5;60
147;6;70
147;7;80
148;0;80
148;1;70
148;2;60
148;3;50
148;4;40
148;5;30
148;6;20
148;7;10
149;0;10
149;1;20
149;2;30
149;3;40
149;4;50
149;5;60
149;6;70
149;7;80
150;0;10
150;1;10
150;2;10
150;3;10
150;4;10
150;5;10
150;6;10
150;7;10
151;0;10
151;1;20
151;2;30
151;3;40
151;4;50
151;5;60
151;6;70
151;7;80
152;0;10
152;1;20
152;2;30
152;3;40
152;4;50
152;5;60
152;6;70
152;7;80
153;0;80
153;1;70
153;2;60
153;3;50
153;4;40
153;5;30
153;6;20
153;7;10
154;0;80
154;1;70
154;2;60
154;3;50
154;4;40
154;5;30
154;6;20
154;7;10
155;0;80
155;1;70
155;2;60
155;3;50
155;4;40
155;5;30
155;6;20
155;7;10
156;0;10
156;1;10
156;2;10
156;3;10
156;4;10
156;5;10
156;6;10
156;7;10
157;0;80
157;1;70
157;2;60
157;3;50
157;4;40
157;5;30
157;6;20
157;7;10
158;0;10
158;1;20
158;2;30
158;3;40
158;4;50
158;5;60
158;6;70
158;7;80
